sday	eday	month	year	q1	q2	q3	q4
30	31	3	2014	0	0	0	1
31	1	3	2014	0	0	0	0
1	2	4	2014	0	0	0	0
2	3	4	2014	0	0	0	0
3	4	4	2014	1	4	4	2
4	5	4	2014	2	1	0	0
5	6	4	2014	1	0	0	0
6	7	4	2014	9	9	9	9
7	8	4	2014	0	0	0	0
8	9	4	2014	9	9	9	9
9	10	4	2014	9	9	9	9
10	11	4	2014	4	4	1	6
11	12	4	2014	0	0	0	0
12	13	4	2014	0	0	0	0
13	14	4	2014	9	9	9	9
14	15	4	2014	0	0	0	0
15	16	4	2014	0	0	0	0
16	17	4	2014	0	0	1	0
17	18	4	2014	6	0	0	0
18	19	4	2014	0	0	0	0
19	20	4	2014	0	1	0	1
20	21	4	2014	0	0	0	0
21	22	4	2014	9	9	9	9
22	23	4	2014	0	0	0	0
23	24	4	2014	0	0	0	0
24	25	4	2014	9	9	9	9
25	26	4	2014	4	2	0	0
26	27	4	2014	6	6	8	8
27	28	4	2014	0	0	0	0
28	29	4	2014	0	0	0	0
29	30	4	2014	9	9	9	9
30	1	4	2014	0	4	6	7
1	2	5	2014	9	9	9	9
2	3	5	2014	8	8	8	8
3	4	5	2014	9	9	9	9
4	5	5	2014	1	3	0	0
5	6	5	2014	4	4	0	0
6	7	5	2014	4	4	4	4
7	8	5	2014	4	4	0	0
8	9	5	2014	0	0	0	0
9	10	5	2014	6	6	4	6
10	11	5	2014	6	8	6	4
11	12	5	2014	0	0	0	0
12	13	5	2014	9	9	9	9
13	14	5	2014	9	9	9	9
14	15	5	2014	9	9	9	9
15	16	5	2014	9	9	9	9
16	17	5	2014	0	0	0	0
17	18	5	2014	3	2	1	0
18	19	5	2014	1	1	1	1
19	20	5	2014	4	6	8	8
20	21	5	2014	3	2	6	7
21	22	5	2014	7	0	0	0
22	23	5	2014	4	8	8	8
23	24	5	2014	0	0	0	0
24	25	5	2014	0	0	0	0
25	26	5	2014	0	3	2	1
26	27	5	2014	0	0	0	0
27	28	5	2014	0	0	0	0
28	29	5	2014	6	8	8	1
29	30	5	2014	0	0	0	0
30	31	5	2014	0	0	0	0
31	1	5	2014	0	0	0	0
1	2	6	2014	0	0	0	0
2	3	6	2014	0	0	0	0
3	4	6	2014	0	0	0	0
4	5	6	2014	0	0	0	0
5	6	6	2014	0	0	0	0
6	7	6	2014	9	9	9	9
7	8	6	2014	8	8	8	8
8	9	6	2014	0	0	0	0
9	10	6	2014	9	9	9	9
10	11	6	2014	9	9	9	9
11	12	6	2014	9	9	9	9
12	13	6	2014	9	9	9	9
13	14	6	2014	9	9	9	9
14	15	6	2014	0	0	0	0
15	16	6	2014	1	0	0	0
16	17	6	2014	1	0	0	0
17	18	6	2014	3	1	1	0
18	19	6	2014	6	4	4	4
19	20	6	2014	4	2	0	0
20	21	6	2014	6	4	3	2
21	22	6	2014	6	3	2	2
22	23	6	2014	6	2	0	0
23	24	6	2014	4	4	4	3
24	25	6	2014	0	0	0	0
25	26	6	2014	1	1	7	4
26	27	6	2014	0	0	0	0
27	28	6	2014	0	0	0	0
28	29	6	2014	0	0	0	0
29	30	6	2014	0	0	0	0
30	1	6	2014	0	0	0	0
1	2	7	2014	0	0	5	0
2	3	7	2014	6	4	2	6
3	4	7	2014	4	8	8	8
4	5	7	2014	8	8	8	8
5	6	7	2014	0	0	0	0
6	7	7	2014	0	0	0	0
7	8	7	2014	9	9	9	9
8	9	7	2014	9	9	9	9
9	10	7	2014	0	0	0	0
10	11	7	2014	0	0	0	0
11	12	7	2014	0	0	0	0
12	13	7	2014	4	4	4	4
13	14	7	2014	0	0	0	2
14	15	7	2014	8	8	7	2
15	16	7	2014	8	8	8	0
16	17	7	2014	2	0	4	0
17	18	7	2014	0	0	0	0
18	19	7	2014	0	0	0	-1
19	20	7	2014	0	0	0	0
20	21	7	2014	0	0	4	1
21	22	7	2014	8	8	8	8
22	23	7	2014	8	8	8	8
23	24	7	2014	0	0	0	0
24	25	7	2014	0	0	0	0
25	26	7	2014	0	2	6	3
26	27	7	2014	9	9	9	9
27	28	7	2014	9	9	9	9
28	29	7	2014	3	7	7	8
29	30	7	2014	8	8	8	8
30	31	7	2014	8	8	8	8
31	1	7	2014	0	0	0	0
1	2	8	2014	3	2	2	6
2	3	8	2014	3	2	0	0
3	4	8	2014	0	0	0	0
4	5	8	2014	2	3	0	0
5	6	8	2014	8	8	8	8
6	7	8	2014	6	1	0	0
7	8	8	2014	0	0	0	0
8	9	8	2014	0	0	0	0
9	10	8	2014	0	0	0	0
10	11	8	2014	0	0	0	0
11	12	8	2014	0	0	0	0
12	13	8	2014	0	0	0	0
13	14	8	2014	7	0	0	0
14	15	8	2014	6	0	0	0
15	16	8	2014	0	0	0	0
16	17	8	2014	0	0	0	0
17	18	8	2014	9	9	9	9
18	19	8	2014	0	0	0	0
19	20	8	2014	0	0	0	0
20	21	8	2014	0	0	0	0
21	22	8	2014	0	0	0	0
22	23	8	2014	0	0	2	8
23	24	8	2014	8	8	8	6
24	25	8	2014	2	2	0	0
25	26	8	2014	0	0	0	0
26	27	8	2014	0	0	2	6
27	28	8	2014	7	8	8	8
28	29	8	2014	9	9	9	9
29	30	8	2014	7	8	8	8
30	31	8	2014	8	8	8	8
31	1	8	2014	8	8	8	7
1	2	9	2014	7	7	7	8
2	3	9	2014	3	2	2	0
3	4	9	2014	0	0	0	0
4	5	9	2014	8	8	8	8
5	6	9	2014	1	0	0	0
6	7	9	2014	9	9	9	9
7	8	9	2014	5	5	6	7
8	9	9	2014	3	2	2	5
9	10	9	2014	3	3	3	3
10	11	9	2014	8	6	7	7
11	12	9	2014	1	1	0	1
12	13	9	2014	7	8	8	8
13	14	9	2014	8	6	3	1
14	15	9	2014	0	0	0	2
15	16	9	2014	4	4	4	4
16	17	9	2014	8	8	7	3
17	18	9	2014	0	0	0	0
18	19	9	2014	0	0	4	8
19	20	9	2014	0	0	0	0
20	21	9	2014	0	0	0	0
21	22	9	2014	0	0	0	0
22	23	9	2014	8	8	8	8
23	24	9	2014	0	0	0	0
24	25	9	2014	4	6	0	0
25	26	9	2014	2	2	7	8
26	27	9	2014	2	8	0	0
27	28	9	2014	2	1	4	4
28	29	9	2014	2	3	6	2
29	30	9	2014	2	2	2	2
30	1	9	2014	2	2	2	2
1	2	10	2014	3	3	3	3
2	3	10	2014	7	5	6	5
3	4	10	2014	8	5	2	0
4	5	10	2014	1	2	0	1
5	6	10	2014	4	2	2	2
6	7	10	2014	9	9	9	9
7	8	10	2014	9	9	9	9
8	9	10	2014	9	9	9	9
9	10	10	2014	9	9	9	9
10	11	10	2014	6	5	4	4
11	12	10	2014	0	0	2	7
12	13	10	2014	0	0	0	0
13	14	10	2014	0	0	2	3
14	15	10	2014	0	8	8	8
15	16	10	2014	5	6	7	7
16	17	10	2014	8	8	8	8
17	18	10	2014	0	0	0	0
18	19	10	2014	6	2	7	3
19	20	10	2014	1	0	0	0
20	21	10	2014	9	9	9	9
21	22	10	2014	0	0	0	1
22	23	10	2014	9	9	9	9
23	24	10	2014	0	0	0	0
24	25	10	2014	1	1	1	0
25	26	10	2014	0	0	0	0
26	27	10	2014	8	0	0	0
27	28	10	2014	0	0	0	0
28	29	10	2014	0	0	0	0
29	30	10	2014	7	1	1	1
30	31	10	2014	1	1	8	0
31	1	10	2014	5	0	7	8
1	2	11	2014	8	7	7	2
2	3	11	2014	8	8	2	0
3	4	11	2014	0	0	0	0
4	5	11	2014	0	0	0	0
5	6	11	2014	3	0	0	0
6	7	11	2014	9	9	9	9
7	8	11	2014	0	0	0	0
8	9	11	2014	0	0	0	0
9	10	11	2014	1	1	3	4
10	11	11	2014	0	0	0	0
11	12	11	2014	0	0	0	0
12	13	11	2014	0	0	0	0
13	14	11	2014	0	0	0	0
14	15	11	2014	0	0	0	0
15	16	11	2014	9	9	9	9
16	17	11	2014	0	0	0	0
17	18	11	2014	0	0	0	0
18	19	11	2014	0	0	0	0
19	20	11	2014	6	8	7	6
20	21	11	2014	0	0	0	0
21	22	11	2014	0	0	0	0
22	23	11	2014	0	0	0	0
23	24	11	2014	0	0	0	0
24	25	11	2014	6	6	6	6
25	26	11	2014	0	0	0	0
26	27	11	2014	0	1	0	0
27	28	11	2014	8	8	8	8
28	29	11	2014	8	6	5	7
29	30	11	2014	6	2	1	0
30	1	11	2014	0	0	0	0
1	2	12	2014	9	9	9	9
2	3	12	2014	9	9	9	9
3	4	12	2014	9	9	9	9
4	5	12	2014	0	0	0	0
5	6	12	2014	0	0	0	0
6	7	12	2014	9	0	0	0
7	8	12	2014	0	0	0	0
8	9	12	2014	0	0	0	0
9	10	12	2014	0	0	0	1
10	11	12	2014	2	1	1	1
11	12	12	2014	0	0	1	1
12	13	12	2014	0	2	3	2
13	14	12	2014	0	0	0	0
14	15	12	2014	0	0	0	0
15	16	12	2014	0	0	0	0
16	17	12	2014	0	0	0	0
17	18	12	2014	0	0	0	0
18	19	12	2014	0	0	0	0
19	20	12	2014	0	0	0	0
20	21	12	2014	2	4	3	1
21	22	12	2014	0	0	0	0
22	23	12	2014	0	0	0	0
23	24	12	2014	0	0	0	0
24	25	12	2014	0	0	0	0
25	26	12	2014	0	0	0	0
26	27	12	2014	0	0	0	0
27	28	12	2014	0	0	0	0
28	29	12	2014	0	0	0	0
29	30	12	2014	1	0	0	0
30	31	12	2014	0	0	0	6
31	1	12	2014	9	9	9	9
1	2	1	2015	9	9	9	9
2	3	1	2015	0	0	0	0
3	4	1	2015	0	0	0	0
4	5	1	2015	9	3	6	8
5	6	1	2015	8	8	8	8
6	7	1	2015	1	0	0	0
7	8	1	2015	0	0	0	0
8	9	1	2015	0	0	0	0
9	10	1	2015	0	0	0	0
10	11	1	2015	0	0	0	0
11	12	1	2015	0	0	0	0
12	13	1	2015	0	0	0	2
13	14	1	2015	0	0	0	0
14	15	1	2015	0	0	0	0
15	16	1	2015	0	0	0	0
16	17	1	2015	0	0	0	0
17	18	1	2015	0	0	0	0
18	19	1	2015	0	0	0	0
19	20	1	2015	0	0	0	0
20	21	1	2015	0	0	0	0
21	22	1	2015	0	0	0	0
22	23	1	2015	0	0	0	0
23	24	1	2015	1	1	0	0
24	25	1	2015	2	2	1	1
25	26	1	2015	1	0	0	0
26	27	1	2015	0	0	0	0
27	28	1	2015	0	0	0	0
28	29	1	2015	0	0	0	0
29	30	1	2015	0	0	0	0
30	31	1	2015	0	0	0	0
31	1	1	2015	0	0	0	0
1	2	2	2015	0	0	0	0
2	3	2	2015	0	0	0	0
3	4	2	2015	0	0	0	0
4	5	2	2015	0	0	0	0
5	6	2	2015	6	7	4	1
6	7	2	2015	0	0	6	5
7	8	2	2015	7	7	1	1
8	9	2	2015	0	0	0	0
9	10	2	2015	0	0	0	6
10	11	2	2015	0	0	0	0
11	12	2	2015	9	9	9	9
12	13	2	2015	0	0	0	0
13	14	2	2015	0	0	0	0
14	15	2	2015	0	0	0	0
15	16	2	2015	0	0	0	0
16	17	2	2015	0	0	0	0
17	18	2	2015	0	0	0	0
18	19	2	2015	0	0	0	0
19	20	2	2015	1	8	8	8
20	21	2	2015	2	6	5	1
21	22	2	2015	0	0	0	0
22	23	2	2015	0	0	0	0
23	24	2	2015	0	0	0	0
24	25	2	2015	0	0	0	0
25	26	2	2015	0	0	0	0
26	27	2	2015	0	0	0	0
27	28	2	2015	6	3	0	0
28	1	2	2015	0	0	0	0
1	2	3	2015	0	0	0	0
2	3	3	2015	9	9	9	9
3	4	3	2015	0	0	0	0
4	5	3	2015	0	0	0	0
5	6	3	2015	0	0	0	0
6	7	3	2015	0	0	0	0
7	8	3	2015	0	0	0	0
8	9	3	2015	0	0	0	0
9	10	3	2015	0	0	0	0
10	11	3	2015	0	0	0	0
11	12	3	2015	0	0	0	0
12	13	3	2015	9	9	9	9
13	14	3	2015	1	1	2	2
14	15	3	2015	0	0	0	0
15	16	3	2015	3	1	1	2
16	17	3	2015	6	7	1	0
17	18	3	2015	1	1	3	3
18	19	3	2015	0	0	0	0
19	20	3	2015	3	2	2	6
20	21	3	2015	7	7	6	6
21	22	3	2015	4	4	2	0
22	23	3	2015	3	7	7	7
23	24	3	2015	8	8	8	8
24	25	3	2015	8	6	8	8
25	26	3	2015	5	5	8	7
26	27	3	2015	8	4	2	0
27	28	3	2015	1	1	1	1
28	29	3	2015	0	0	0	0
29	30	3	2015	0	0	0	0
30	31	3	2015	0	0	0	0
31	1	3	2015	0	0	0	0
1	2	4	2015	0	0	0	0
2	3	4	2015	0	0	0	0
3	4	4	2015	0	0	0	0
4	5	4	2015	9	9	9	9
5	6	4	2015	9	9	9	9
6	7	4	2015	2	8	0	2
7	8	4	2015	0	0	0	0
8	9	4	2015	0	0	0	0
9	10	4	2015	0	0	0	0
10	11	4	2015	0	0	0	0
11	12	4	2015	0	0	0	0
12	13	4	2015	0	0	0	0
13	14	4	2015	2	8	8	8
14	15	4	2015	0	0	0	6
15	16	4	2015	8	8	8	8
16	17	4	2015	1	0	0	0
17	18	4	2015	0	0	0	0
18	19	4	2015	0	0	0	0
19	20	4	2015	2	8	8	8
20	21	4	2015	2	0	0	0
21	22	4	2015	0	0	0	0
22	23	4	2015	0	0	0	0
23	24	4	2015	0	0	0	0
24	25	4	2015	1	0	0	0
25	26	4	2015	4	2	0	0
26	27	4	2015	0	0	0	0
27	28	4	2015	0	0	0	0
28	29	4	2015	9	9	9	9
29	30	4	2015	9	9	9	9
30	1	4	2015	9	9	9	9
1	2	5	2015	9	9	9	9
2	3	5	2015	9	9	9	9
3	4	5	2015	9	9	9	9
4	5	5	2015	9	9	9	9
5	6	5	2015	0	0	0	0
6	7	5	2015	8	8	8	8
7	8	5	2015	0	0	0	0
8	9	5	2015	8	0	0	0
9	10	5	2015	4	8	8	0
10	11	5	2015	0	0	0	0
11	12	5	2015	0	0	0	0
12	13	5	2015	0	0	0	0
13	14	5	2015	0	0	0	0
14	15	5	2015	7	3	3	6
15	16	5	2015	4	4	4	4
16	17	5	2015	3	3	3	3
17	18	5	2015	1	1	1	1
18	19	5	2015	0	0	1	3
19	20	5	2015	0	0	0	0
20	21	5	2015	2	2	1	4
21	22	5	2015	2	1	0	0
22	23	5	2015	2	2	5	4
23	24	5	2015	0	0	0	0
24	25	5	2015	2	3	4	6
25	26	5	2015	4	2	4	6
26	27	5	2015	0	1	0	1
27	28	5	2015	0	0	0	1
28	29	5	2015	5	5	6	7
29	30	5	2015	0	0	0	0
30	31	5	2015	4	0	1	0
31	1	5	2015	9	0	8	0
1	2	6	2015	2	0	3	0
2	3	6	2015	2	1	6	3
3	4	6	2015	4	4	4	5
4	5	6	2015	7	5	2	2
5	6	6	2015	0	0	0	0
6	7	6	2015	0	0	0	0
7	8	6	2015	0	0	0	0
8	9	6	2015	0	0	0	0
9	10	6	2015	0	8	8	8
10	11	6	2015	9	9	9	9
11	12	6	2015	0	0	0	0
12	13	6	2015	0	0	0	0
13	14	6	2015	0	0	0	0
14	15	6	2015	0	0	0	0
15	16	6	2015	0	0	0	0
16	17	6	2015	9	9	9	9
17	18	6	2015	9	9	9	9
18	19	6	2015	4	6	8	2
19	20	6	2015	3	1	0	0
20	21	6	2015	0	0	0	0
21	22	6	2015	4	0	6	0
22	23	6	2015	6	6	4	6
23	24	6	2015	0	0	0	0
24	25	6	2015	6	0	0	0
25	26	6	2015	1	2	2	1
26	27	6	2015	9	9	9	9
27	28	6	2015	9	9	9	9
28	29	6	2015	9	9	9	9
29	30	6	2015	9	9	9	9
30	1	6	2015	9	9	9	9
1	2	7	2015	9	9	9	9
2	3	7	2015	0	0	0	0
3	4	7	2015	9	9	9	9
4	5	7	2015	9	9	9	9
5	6	7	2015	9	9	9	9
6	7	7	2015	8	8	8	3
7	8	7	2015	3	3	5	6
8	9	7	2015	8	8	8	8
9	10	7	2015	8	8	8	8
10	11	7	2015	8	8	8	8
11	12	7	2015	8	8	8	8
12	13	7	2015	9	9	9	9
13	14	7	2015	9	9	9	9
14	15	7	2015	0	0	0	0
15	16	7	2015	8	8	8	8
16	17	7	2015	0	0	0	0
17	18	7	2015	0	0	0	0
18	19	7	2015	2	0	3	4
19	20	7	2015	0	0	0	0
20	21	7	2015	0	0	0	0
21	22	7	2015	6	4	6	8
22	23	7	2015	0	0	0	0
23	24	7	2015	0	0	0	0
24	25	7	2015	2	6	8	8
25	26	7	2015	9	9	9	9
26	27	7	2015	9	9	9	9
27	28	7	2015	9	9	9	9
28	29	7	2015	9	9	9	9
29	30	7	2015	9	9	9	9
30	31	7	2015	9	9	9	9
31	1	7	2015	4	4	4	3
1	2	8	2015	2	3	8	8
2	3	8	2015	8	3	5	7
3	4	8	2015	9	9	9	9
4	5	8	2015	8	8	8	8
5	6	8	2015	8	8	8	8
6	7	8	2015	8	8	8	8
7	8	8	2015	8	7	8	8
8	9	8	2015	9	9	9	9
9	10	8	2015	8	8	8	8
10	11	8	2015	9	9	9	9
11	12	8	2015	9	9	9	9
12	13	8	2015	9	9	9	9
13	14	8	2015	0	1	1	0
14	15	8	2015	5	2	6	0
15	16	8	2015	8	8	8	8
16	17	8	2015	9	3	3	0
17	18	8	2015	0	0	0	0
18	19	8	2015	0	0	0	0
19	20	8	2015	7	8	-1	-1
20	21	8	2015	6	1	3	4
21	22	8	2015	0	0	0	2
22	23	8	2015	3	1	1	0
23	24	8	2015	1	0	0	0
24	25	8	2015	8	8	8	8
25	26	8	2015	9	9	9	9
26	27	8	2015	9	9	9	9
27	28	8	2015	9	9	9	9
28	29	8	2015	8	8	8	8
29	30	8	2015	0	0	0	3
30	31	8	2015	0	0	0	0
31	1	8	2015	0	0	0	0
1	2	9	2015	0	0	0	0
2	3	9	2015	0	0	0	0
3	4	9	2015	0	0	0	0
4	5	9	2015	0	0	0	0
5	6	9	2015	3	8	8	8
6	7	9	2015	2	1	2	5
7	8	9	2015	0	0	0	0
8	9	9	2015	5	8	8	8
9	10	9	2015	8	8	8	8
10	11	9	2015	1	1	1	2
11	12	9	2015	0	0	0	0
12	13	9	2015	0	0	0	0
13	14	9	2015	4	8	8	8
14	15	9	2015	8	8	8	8
15	16	9	2015	5	8	8	8
16	17	9	2015	6	0	0	0
17	18	9	2015	0	2	0	0
18	19	9	2015	8	7	8	6
19	20	9	2015	8	8	8	8
20	21	9	2015	5	2	2	0
21	22	9	2015	0	0	1	0
22	23	9	2015	2	2	6	0
23	24	9	2015	6	6	6	0
24	25	9	2015	3	4	7	0
25	26	9	2015	5	4	3	0
26	27	9	2015	0	0	0	0
27	28	9	2015	2	2	1	1
28	29	9	2015	1	2	3	6
29	30	9	2015	3	0	0	1
30	1	9	2015	6	7	8	8
1	2	10	2015	4	4	1	2
2	3	10	2015	7	7	5	7
3	4	10	2015	2	1	2	1
4	5	10	2015	2	3	3	7
5	6	10	2015	2	3	6	6
6	7	10	2015	6	1	3	4
7	8	10	2015	1	2	3	4
8	9	10	2015	7	5	5	6
9	10	10	2015	6	4	7	2
10	11	10	2015	8	3	2	1
11	12	10	2015	1	2	3	3
12	13	10	2015	3	1	1	4
13	14	10	2015	8	8	8	8
14	15	10	2015	1	8	3	1
15	16	10	2015	1	1	0	2
16	17	10	2015	0	0	1	2
17	18	10	2015	0	0	1	8
18	19	10	2015	8	8	6	8
19	20	10	2015	8	8	0	6
20	21	10	2015	0	2	8	7
21	22	10	2015	0	0	0	5
22	23	10	2015	3	1	1	0
23	24	10	2015	0	2	1	0
24	25	10	2015	7	8	8	8
25	26	10	2015	2	8	8	8
26	27	10	2015	4	2	0	2
27	28	10	2015	8	8	8	7
28	29	10	2015	0	0	2	6
29	30	10	2015	0	0	0	0
30	31	10	2015	8	8	6	6
31	1	10	2015	3	0	0	0
1	2	11	2015	4	6	8	6
2	3	11	2015	0	0	0	0
3	4	11	2015	7	7	7	7
4	5	11	2015	0	0	0	0
5	6	11	2015	0	0	0	9
6	7	11	2015	0	0	0	0
7	8	11	2015	0	0	0	0
8	9	11	2015	8	8	8	8
9	10	11	2015	0	0	0	0
10	11	11	2015	4	2	0	0
11	12	11	2015	9	9	9	9
12	13	11	2015	0	0	0	0
13	14	11	2015	0	0	0	0
14	15	11	2015	5	3	0	0
15	16	11	2015	5	5	7	6
16	17	11	2015	7	7	7	7
17	18	11	2015	5	0	3	8
18	19	11	2015	7	4	0	0
19	20	11	2015	0	0	0	0
20	21	11	2015	1	1	1	2
21	22	11	2015	2	2	2	2
22	23	11	2015	8	8	1	0
23	24	11	2015	8	8	2	2
24	25	11	2015	8	8	8	8
25	26	11	2015	0	0	0	0
26	27	11	2015	2	0	0	0
27	28	11	2015	0	0	0	0
28	29	11	2015	0	0	0	0
29	30	11	2015	0	0	0	0
30	1	11	2015	0	0	0	0
1	2	12	2015	8	8	8	8
2	3	12	2015	8	6	6	8
3	4	12	2015	1	2	6	7
4	5	12	2015	8	8	8	8
5	6	12	2015	0	0	0	0
6	7	12	2015	0	0	0	0
7	8	12	2015	0	0	1	0
8	9	12	2015	1	0	0	3
9	10	12	2015	0	0	0	0
10	11	12	2015	1	0	0	0
11	12	12	2015	8	8	8	8
12	13	12	2015	7	5	5	4
13	14	12	2015	0	0	0	0
14	15	12	2015	0	-1	0	0
15	16	12	2015	2	3	7	7
16	17	12	2015	0	0	0	0
17	18	12	2015	0	0	0	0
18	19	12	2015	1	0	0	0
19	20	12	2015	0	0	0	0
20	21	12	2015	0	0	0	0
21	22	12	2015	1	1	1	1
22	23	12	2015	0	0	0	0
23	24	12	2015	0	0	0	0
24	25	12	2015	9	9	9	9
25	26	12	2015	9	9	9	9
26	27	12	2015	0	0	0	0
27	28	12	2015	0	0	0	0
28	29	12	2015	0	0	0	0
29	30	12	2015	0	0	3	6
30	31	12	2015	0	0	0	0
31	1	12	2015	6	6	1	0
1	2	1	2016	0	0	0	0
2	3	1	2016	0	0	0	0
3	4	1	2016	8	6	8	8
4	5	1	2016	8	8	8	8
5	6	1	2016	8	8	8	8
6	7	1	2016	1	2	4	8
7	8	1	2016	2	2	0	0
8	9	1	2016	1	2	0	0
9	10	1	2016	0	0	0	0
10	11	1	2016	0	0	0	0
11	12	1	2016	0	0	0	0
12	13	1	2016	3	3	3	2
13	14	1	2016	0	0	0	0
14	15	1	2016	0	0	0	0
15	16	1	2016	0	0	0	0
16	17	1	2016	0	0	0	0
17	18	1	2016	0	0	0	0
18	19	1	2016	0	0	0	0
19	20	1	2016	0	0	0	0
20	21	1	2016	0	0	0	0
21	22	1	2016	0	0	0	0
22	23	1	2016	0	0	0	0
23	24	1	2016	6	8	8	8
24	25	1	2016	2	3	3	2
25	26	1	2016	3	3	3	3
26	27	1	2016	6	7	8	8
27	28	1	2016	0	0	0	0
28	29	1	2016	9	9	9	9
29	30	1	2016	0	0	0	0
30	31	1	2016	0	0	0	0
31	1	1	2016	0	0	0	4
1	2	2	2016	0	0	0	0
2	3	2	2016	0	0	0	0
3	4	2	2016	0	0	0	0
4	5	2	2016	0	0	0	0
5	6	2	2016	0	0	0	0
6	7	2	2016	9	9	9	9
7	8	2	2016	0	0	0	0
8	9	2	2016	0	0	0	0
9	10	2	2016	0	0	0	0
10	11	2	2016	0	0	0	1
11	12	2	2016	4	6	3	5
12	13	2	2016	2	1	0	0
13	14	2	2016	0	0	0	0
14	15	2	2016	0	0	0	0
15	16	2	2016	0	0	0	0
16	17	2	2016	1	2	2	1
17	18	2	2016	0	0	0	0
18	19	2	2016	0	0	0	0
19	20	2	2016	9	9	9	9
20	21	2	2016	9	9	9	9
21	22	2	2016	9	9	9	9
22	23	2	2016	9	9	9	9
23	24	2	2016	0	0	1	0
24	25	2	2016	1	1	1	1
25	26	2	2016	1	1	2	1
26	27	2	2016	9	9	9	9
27	28	2	2016	0	0	0	0
28	29	2	2016	0	0	0	0
29	1	2	2016	0	0	0	0
1	2	3	2016	3	2	3	0
2	3	3	2016	9	9	9	9
3	4	3	2016	9	9	9	9
4	5	3	2016	9	9	9	9
5	6	3	2016	0	0	0	0
6	7	3	2016	9	9	9	9
7	8	3	2016	9	9	9	9
8	9	3	2016	0	0	0	0
9	10	3	2016	0	0	0	0
10	11	3	2016	0	0	0	0
11	12	3	2016	2	5	7	6
12	13	3	2016	1	0	0	0
13	14	3	2016	2	0	2	0
14	15	3	2016	2	1	0	0
15	16	3	2016	0	3	6	8
16	17	3	2016	6	4	6	6
17	18	3	2016	1	0	0	0
18	19	3	2016	1	1	3	3
19	20	3	2016	1	3	7	0
20	21	3	2016	1	1	1	1
21	22	3	2016	9	9	9	9
22	23	3	2016	0	1	7	4
23	24	3	2016	0	0	0	0
24	25	3	2016	0	0	0	0
25	26	3	2016	0	1	6	1
26	27	3	2016	0	0	0	0
27	28	3	2016	1	0	0	0
28	29	3	2016	4	4	4	4
29	30	3	2016	0	0	0	0
30	31	3	2016	8	0	0	0
31	1	3	2016	0	0	0	0
1	2	4	2016	6	4	0	0
2	3	4	2016	2	1	0	6
3	4	4	2016	5	2	2	5
4	5	4	2016	8	7	6	7
5	6	4	2016	6	4	1	0
6	7	4	2016	1	3	3	1
7	8	4	2016	0	0	0	0
8	9	4	2016	0	0	0	0
9	10	4	2016	0	0	0	0
10	11	4	2016	0	0	0	0
11	12	4	2016	0	0	0	0
12	13	4	2016	0	0	0	0
13	14	4	2016	8	8	8	8
14	15	4	2016	8	8	8	8
15	16	4	2016	4	8	3	4
16	17	4	2016	0	0	0	0
17	18	4	2016	8	8	8	8
18	19	4	2016	8	8	0	0
19	20	4	2016	0	0	0	3
20	21	4	2016	0	0	0	0
21	22	4	2016	0	0	0	0
22	23	4	2016	8	8	8	8
23	24	4	2016	8	8	8	8
24	25	4	2016	8	8	8	8
25	26	4	2016	2	0	0	0
26	27	4	2016	0	0	2	6
27	28	4	2016	8	8	8	8
28	29	4	2016	8	8	8	8
29	30	4	2016	0	0	0	0
30	1	4	2016	3	2	0	5
1	2	5	2016	8	8	8	8
2	3	5	2016	4	3	3	3
3	4	5	2016	1	0	0	1
4	5	5	2016	8	8	8	8
5	6	5	2016	9	9	9	9
6	7	5	2016	8	8	8	8
7	8	5	2016	8	8	5	8
8	9	5	2016	8	8	8	8
9	10	5	2016	8	0	8	8
10	11	5	2016	8	8	8	8
11	12	5	2016	4	6	6	6
12	13	5	2016	8	8	7	8
13	14	5	2016	8	7	5	8
14	15	5	2016	4	4	3	0
15	16	5	2016	8	8	8	4
16	17	5	2016	8	8	8	8
17	18	5	2016	3	3	8	7
18	19	5	2016	8	8	8	8
19	20	5	2016	8	4	8	3
20	21	5	2016	1	1	1	2
21	22	5	2016	0	0	0	0
22	23	5	2016	8	8	8	8
23	24	5	2016	8	8	8	8
24	25	5	2016	8	8	8	8
25	26	5	2016	5	1	1	1
26	27	5	2016	8	8	8	8
27	28	5	2016	4	1	1	1
28	29	5	2016	8	8	8	8
29	30	5	2016	9	9	9	9
30	31	5	2016	8	8	8	8
31	1	5	2016	8	8	8	7
1	2	6	2016	8	8	7	7
2	3	6	2016	8	8	8	8
3	4	6	2016	8	8	8	0
4	5	6	2016	8	8	8	8
5	6	6	2016	2	2	0	0
6	7	6	2016	0	0	0	0
7	8	6	2016	0	0	0	0
8	9	6	2016	1	2	3	8
9	10	6	2016	8	8	3	1
10	11	6	2016	9	9	9	9
11	12	6	2016	6	5	5	8
12	13	6	2016	8	8	5	2
13	14	6	2016	8	8	8	8
14	15	6	2016	3	1	1	4
15	16	6	2016	1	1	1	1
16	17	6	2016	4	5	6	8
17	18	6	2016	0	0	0	0
18	19	6	2016	5	5	6	7
19	20	6	2016	2	0	0	0
20	21	6	2016	0	0	0	0
21	22	6	2016	9	9	9	9
22	23	6	2016	0	0	0	0
23	24	6	2016	8	8	8	2
24	25	6	2016	3	8	8	8
25	26	6	2016	8	8	7	7
26	27	6	2016	5	2	1	1
27	28	6	2016	0	0	0	0
28	29	6	2016	0	0	0	0
29	30	6	2016	2	2	2	4
30	1	6	2016	9	9	9	9
1	2	7	2016	8	8	8	8
2	3	7	2016	8	8	8	8
3	4	7	2016	8	0	4	8
4	5	7	2016	6	2	0	3
5	6	7	2016	0	0	0	0
6	7	7	2016	5	4	2	1
7	8	7	2016	9	9	9	9
8	9	7	2016	9	9	9	9
9	10	7	2016	9	9	9	9
10	11	7	2016	9	9	9	9
11	12	7	2016	8	8	8	3
12	13	7	2016	8	8	8	8
13	14	7	2016	8	8	8	8
14	15	7	2016	0	0	0	0
15	16	7	2016	0	2	3	6
16	17	7	2016	6	4	2	0
17	18	7	2016	5	8	8	0
18	19	7	2016	8	8	8	8
19	20	7	2016	8	8	8	3
20	21	7	2016	0	4	8	8
21	22	7	2016	0	4	6	1
22	23	7	2016	8	8	8	1
23	24	7	2016	3	2	2	3
24	25	7	2016	8	0	0	0
25	26	7	2016	0	0	0	0
26	27	7	2016	4	6	8	6
27	28	7	2016	6	4	4	6
28	29	7	2016	4	6	4	8
29	30	7	2016	1	0	1	1
30	31	7	2016	2	4	6	0
31	1	7	2016	9	9	9	9
1	2	8	2016	0	0	0	0
2	3	8	2016	0	0	0	0
3	4	8	2016	0	0	0	0
4	5	8	2016	0	0	1	0
5	6	8	2016	0	0	0	0
6	7	8	2016	0	0	0	0
7	8	8	2016	0	0	0	0
8	9	8	2016	0	0	0	0
9	10	8	2016	9	9	9	9
10	11	8	2016	6	0	2	8
11	12	8	2016	1	1	0	0
12	13	8	2016	0	0	0	8
13	14	8	2016	5	2	0	3
14	15	8	2016	1	8	0	5
15	16	8	2016	0	0	0	0
16	17	8	2016	0	0	0	0
17	18	8	2016	0	0	0	0
18	19	8	2016	0	0	0	0
19	20	8	2016	0	0	0	0
20	21	8	2016	0	0	0	0
21	22	8	2016	0	0	0	0
22	23	8	2016	0	0	0	0
23	24	8	2016	5	3	2	0
24	25	8	2016	0	0	0	0
25	26	8	2016	0	0	0	0
26	27	8	2016	8	8	8	6
27	28	8	2016	8	8	8	8
28	29	8	2016	0	0	0	0
29	30	8	2016	0	0	0	0
30	31	8	2016	0	0	0	0
31	1	8	2016	0	0	0	0
1	2	9	2016	0	0	0	0
2	3	9	2016	0	0	0	0
3	4	9	2016	0	0	0	0
4	5	9	2016	0	0	0	0
5	6	9	2016	2	0	0	0
6	7	9	2016	2	1	0	0
7	8	9	2016	2	1	3	2
8	9	9	2016	2	1	0	1
9	10	9	2016	0	0	0	0
10	11	9	2016	3	3	1	3
11	12	9	2016	2	1	0	0
12	13	9	2016	7	7	8	7
13	14	9	2016	8	7	1	0
14	15	9	2016	7	7	7	7
15	16	9	2016	4	0	0	0
16	17	9	2016	0	0	0	0
17	18	9	2016	0	0	0	0
18	19	9	2016	0	0	0	0
19	20	9	2016	0	0	0	0
20	21	9	2016	0	0	1	1
21	22	9	2016	1	1	1	1
22	23	9	2016	0	1	1	1
23	24	9	2016	0	0	0	0
24	25	9	2016	0	0	0	0
25	26	9	2016	1	1	1	1
26	27	9	2016	0	0	0	0
27	28	9	2016	1	0	0	0
28	29	9	2016	0	0	0	0
29	30	9	2016	0	0	1	0
30	1	9	2016	0	0	0	1
1	2	10	2016	1	1	1	0
2	3	10	2016	0	0	0	0
3	4	10	2016	7	8	8	8
4	5	10	2016	1	0	2	3
5	6	10	2016	0	1	0	0
6	7	10	2016	2	1	0	0
7	8	10	2016	0	0	0	0
8	9	10	2016	1	2	4	1
9	10	10	2016	2	1	0	0
10	11	10	2016	4	7	8	8
11	12	10	2016	8	8	6	2
12	13	10	2016	8	8	4	0
13	14	10	2016	9	9	9	9
14	15	10	2016	9	9	9	9
15	16	10	2016	9	9	9	9
16	17	10	2016	9	9	9	9
17	18	10	2016	8	8	8	8
18	19	10	2016	0	2	7	3
19	20	10	2016	3	4	4	4
20	21	10	2016	1	1	2	3
21	22	10	2016	2	2	1	1
22	23	10	2016	7	3	1	0
23	24	10	2016	8	8	8	8
24	25	10	2016	0	0	0	0
25	26	10	2016	0	0	0	0
26	27	10	2016	0	0	0	0
27	28	10	2016	0	0	0	0
28	29	10	2016	0	0	0	0
29	30	10	2016	0	0	0	0
30	31	10	2016	0	2	6	8
31	1	10	2016	8	8	4	1
1	2	11	2016	0	1	5	8
2	3	11	2016	0	0	0	0
3	4	11	2016	0	0	0	0
4	5	11	2016	0	0	0	0
5	6	11	2016	0	0	0	0
6	7	11	2016	0	0	0	0
7	8	11	2016	1	0	1	1
8	9	11	2016	0	0	0	0
9	10	11	2016	9	9	9	9
10	11	11	2016	1	3	4	3
11	12	11	2016	0	0	4	4
12	13	11	2016	2	3	8	8
13	14	11	2016	9	9	9	9
14	15	11	2016	1	0	0	0
15	16	11	2016	1	0	0	0
16	17	11	2016	0	0	0	0
17	18	11	2016	0	0	0	0
18	19	11	2016	3	3	3	3
19	20	11	2016	9	9	9	9
20	21	11	2016	0	0	0	0
21	22	11	2016	0	0	0	0
22	23	11	2016	1	1	1	3
23	24	11	2016	1	1	1	1
24	25	11	2016	0	0	0	0
25	26	11	2016	0	0	0	0
26	27	11	2016	0	0	0	0
27	28	11	2016	0	0	0	0
28	29	11	2016	0	0	0	0
29	30	11	2016	0	0	0	0
30	1	11	2016	0	0	0	0
1	2	12	2016	0	0	0	0
2	3	12	2016	0	1	0	0
3	4	12	2016	0	1	0	0
4	5	12	2016	0	0	0	0
5	6	12	2016	0	0	0	0
6	7	12	2016	0	0	0	0
7	8	12	2016	0	0	0	0
8	9	12	2016	8	8	8	8
9	10	12	2016	7	7	4	2
10	11	12	2016	2	2	1	0
11	12	12	2016	1	0	0	0
12	13	12	2016	0	0	0	0
13	14	12	2016	0	0	0	0
14	15	12	2016	9	-1	-1	-1
15	16	12	2016	1	0	0	0
16	17	12	2016	0	0	0	0
17	18	12	2016	0	0	0	0
18	19	12	2016	0	0	0	0
19	20	12	2016	0	0	0	0
20	21	12	2016	0	0	0	0
21	22	12	2016	3	5	7	8
22	23	12	2016	3	3	0	0
23	24	12	2016	0	0	0	0
24	25	12	2016	0	0	0	0
25	26	12	2016	8	8	8	8
26	27	12	2016	9	9	9	9
27	28	12	2016	0	0	0	0
28	29	12	2016	0	0	0	0
29	30	12	2016	0	0	0	0
30	31	12	2016	0	0	0	0
31	1	12	2016	9	9	9	9
1	2	1	2017	9	9	9	9
2	3	1	2017	0	0	0	0
3	4	1	2017	0	0	0	0
4	5	1	2017	2	1	0	0
5	6	1	2017	9	9	9	9
6	7	1	2017	9	9	9	9
7	8	1	2017	9	9	9	9
8	9	1	2017	9	9	9	9
9	10	1	2017	0	0	0	0
10	11	1	2017	0	0	0	0
11	12	1	2017	0	0	0	0
12	13	1	2017	0	0	0	0
13	14	1	2017	0	0	0	0
14	15	1	2017	0	0	0	0
15	16	1	2017	0	0	0	0
16	17	1	2017	0	0	0	0
17	18	1	2017	0	0	0	0
18	19	1	2017	0	1	0	0
19	20	1	2017	0	0	0	0
20	21	1	2017	0	0	0	0
21	22	1	2017	0	0	0	0
22	23	1	2017	2	8	6	8
23	24	1	2017	6	2	2	2
24	25	1	2017	9	9	9	9
25	26	1	2017	1	0	0	0
26	27	1	2017	9	9	9	9
27	28	1	2017	9	9	9	9
28	29	1	2017	9	9	9	9
29	30	1	2017	0	0	0	0
30	31	1	2017	0	0	0	0
31	1	1	2017	0	0	0	0
1	2	2	2017	0	0	0	0
2	3	2	2017	0	0	4	3
3	4	2	2017	8	8	8	6
4	5	2	2017	0	0	0	0
5	6	2	2017	0	0	0	0
6	7	2	2017	0	0	0	0
7	8	2	2017	0	0	0	0
8	9	2	2017	0	0	0	0
9	10	2	2017	0	0	0	0
10	11	2	2017	1	0	0	0
11	12	2	2017	0	0	0	0
12	13	2	2017	0	0	0	0
13	14	2	2017	0	0	0	0
14	15	2	2017	0	0	0	0
15	16	2	2017	0	0	0	0
16	17	2	2017	0	0	0	0
17	18	2	2017	9	9	9	9
18	19	2	2017	0	0	0	0
19	20	2	2017	1	0	0	0
20	21	2	2017	1	0	0	0
21	22	2	2017	2	1	1	1
22	23	2	2017	3	2	2	2
23	24	2	2017	4	2	2	2
24	25	2	2017	0	0	0	0
25	26	2	2017	1	1	1	1
26	27	2	2017	0	0	0	0
27	28	2	2017	0	0	0	0
28	1	2	2017	0	0	0	0
1	2	3	2017	0	0	0	0
2	3	3	2017	0	0	0	0
3	4	3	2017	0	0	0	0
4	5	3	2017	0	0	0	0
5	6	3	2017	0	0	0	0
6	7	3	2017	1	0	0	1
7	8	3	2017	8	7	4	1
8	9	3	2017	0	0	0	0
9	10	3	2017	0	0	0	1
10	11	3	2017	1	0	0	0
11	12	3	2017	0	0	0	0
12	13	3	2017	0	0	0	0
13	14	3	2017	0	0	0	0
14	15	3	2017	0	0	0	0
15	16	3	2017	0	0	0	0
16	17	3	2017	0	0	0	0
17	18	3	2017	1	0	0	0
18	19	3	2017	0	0	0	2
19	20	3	2017	1	0	2	6
20	21	3	2017	0	0	0	0
21	22	3	2017	0	0	0	0
22	23	3	2017	0	0	0	0
23	24	3	2017	0	0	0	0
24	25	3	2017	0	0	0	0
25	26	3	2017	0	0	0	0
26	27	3	2017	0	0	0	0
27	28	3	2017	0	0	0	0
28	29	3	2017	0	0	0	0
29	30	3	2017	0	0	0	0
30	31	3	2017	0	0	0	0
31	1	3	2017	0	0	0	0
1	2	4	2017	0	0	0	0
2	3	4	2017	9	9	9	9
3	4	4	2017	5	0	0	0
4	5	4	2017	0	0	0	0
5	6	4	2017	0	0	0	0
6	7	4	2017	0	0	1	1
7	8	4	2017	0	0	0	0
8	9	4	2017	0	0	2	3
9	10	4	2017	0	0	0	3
10	11	4	2017	0	0	0	0
11	12	4	2017	0	0	0	0
12	13	4	2017	0	0	0	0
13	14	4	2017	3	3	2	2
14	15	4	2017	1	4	3	3
15	16	4	2017	8	8	8	8
16	17	4	2017	8	8	8	8
17	18	4	2017	8	8	8	8
18	19	4	2017	7	2	3	6
19	20	4	2017	2	2	5	5
20	21	4	2017	0	0	0	0
21	22	4	2017	0	0	0	0
22	23	4	2017	0	0	0	2
23	24	4	2017	0	0	0	0
24	25	4	2017	7	8	7	5
25	26	4	2017	0	0	0	0
26	27	4	2017	0	0	0	0
27	28	4	2017	0	0	0	0
28	29	4	2017	0	0	0	0
29	30	4	2017	0	0	0	0
30	1	4	2017	0	0	0	0
1	2	5	2017	3	4	6	7
2	3	5	2017	0	0	0	3
3	4	5	2017	0	0	0	0
4	5	5	2017	7	7	7	4
5	6	5	2017	2	2	2	2
6	7	5	2017	1	2	2	8
7	8	5	2017	8	8	8	4
8	9	5	2017	0	0	0	0
9	10	5	2017	0	0	0	7
10	11	5	2017	9	9	9	9
11	12	5	2017	9	9	9	9
12	13	5	2017	9	9	9	9
13	14	5	2017	3	7	2	1
14	15	5	2017	5	2	0	0
15	16	5	2017	6	0	0	3
16	17	5	2017	0	0	0	0
17	18	5	2017	8	8	8	8
18	19	5	2017	9	9	9	9
19	20	5	2017	1	1	1	1
20	21	5	2017	1	1	0	0
21	22	5	2017	0	2	5	5
22	23	5	2017	6	7	8	8
23	24	5	2017	8	8	8	8
24	25	5	2017	8	8	8	8
25	26	5	2017	0	0	0	0
26	27	5	2017	0	0	0	0
27	28	5	2017	0	0	0	8
28	29	5	2017	0	0	0	8
29	30	5	2017	0	0	7	0
30	31	5	2017	0	0	0	0
31	1	5	2017	0	0	0	0
1	2	6	2017	4	2	0	0
2	3	6	2017	2	6	6	6
3	4	6	2017	7	6	3	3
4	5	6	2017	8	8	8	6
5	6	6	2017	0	0	0	0
6	7	6	2017	0	0	0	4
7	8	6	2017	8	8	8	8
8	9	6	2017	0	0	1	0
9	10	6	2017	0	0	0	0
10	11	6	2017	0	0	0	0
11	12	6	2017	0	0	0	0
12	13	6	2017	0	0	0	0
13	14	6	2017	4	5	6	6
14	15	6	2017	8	8	0	0
15	16	6	2017	8	8	8	0
16	17	6	2017	8	8	8	8
17	18	6	2017	0	6	8	0
18	19	6	2017	1	0	0	0
19	20	6	2017	5	4	3	2
20	21	6	2017	5	7	8	7
21	22	6	2017	7	7	8	8
22	23	6	2017	6	7	8	8
23	24	6	2017	7	7	6	7
24	25	6	2017	6	7	8	6
25	26	6	2017	8	8	8	8
26	27	6	2017	9	9	9	9
27	28	6	2017	2	0	0	0
28	29	6	2017	0	0	0	0
29	30	6	2017	0	0	0	0
30	1	6	2017	0	0	0	0
1	2	7	2017	0	0	0	0
2	3	7	2017	0	0	0	0
3	4	7	2017	5	8	8	8
4	5	7	2017	0	3	8	8
5	6	7	2017	8	8	8	8
6	7	7	2017	7	4	4	4
7	8	7	2017	0	0	0	0
8	9	7	2017	2	0	0	0
9	10	7	2017	0	0	0	0
10	11	7	2017	9	9	9	9
11	12	7	2017	9	9	9	9
12	13	7	2017	9	9	9	9
13	14	7	2017	9	9	9	9
14	15	7	2017	9	9	9	9
15	16	7	2017	8	8	8	0
16	17	7	2017	0	0	0	0
17	18	7	2017	0	0	0	0
18	19	7	2017	0	0	0	0
19	20	7	2017	9	9	9	9
20	21	7	2017	9	9	9	9
21	22	7	2017	0	0	0	0
22	23	7	2017	0	0	0	0
23	24	7	2017	0	0	0	0
24	25	7	2017	0	0	0	0
25	26	7	2017	7	6	2	2
26	27	7	2017	8	8	8	8
27	28	7	2017	4	4	4	6
28	29	7	2017	8	8	8	3
29	30	7	2017	8	8	1	8
30	31	7	2017	8	8	8	8
31	1	7	2017	9	9	9	9
1	2	8	2017	7	3	0	0
2	3	8	2017	0	0	0	0
3	4	8	2017	0	0	0	0
4	5	8	2017	2	0	0	0
5	6	8	2017	0	0	0	0
6	7	8	2017	0	0	8	8
7	8	8	2017	2	8	6	7
8	9	8	2017	0	0	0	0
9	10	8	2017	6	6	6	6
10	11	8	2017	8	8	8	8
11	12	8	2017	8	8	8	8
12	13	8	2017	9	9	9	9
13	14	8	2017	9	9	9	9
14	15	8	2017	0	0	0	0
15	16	8	2017	4	3	3	1
16	17	8	2017	0	0	0	0
17	18	8	2017	0	0	0	0
18	19	8	2017	0	0	3	0
19	20	8	2017	0	0	0	0
20	21	8	2017	0	0	0	0
21	22	8	2017	0	0	0	0
22	23	8	2017	9	9	9	9
23	24	8	2017	6	7	7	4
24	25	8	2017	0	0	0	0
25	26	8	2017	0	0	2	2
26	27	8	2017	1	0	1	0
27	28	8	2017	0	0	0	0
28	29	8	2017	0	0	0	0
29	30	8	2017	2	6	8	6
30	31	8	2017	0	6	7	7
31	1	8	2017	2	5	7	8
1	2	9	2017	0	0	6	0
2	3	9	2017	6	6	6	0
3	4	9	2017	9	9	9	9
4	5	9	2017	9	9	9	9
5	6	9	2017	9	9	9	9
6	7	9	2017	0	0	0	0
7	8	9	2017	0	0	3	4
8	9	9	2017	1	2	2	6
9	10	9	2017	0	0	0	0
10	11	9	2017	0	0	0	0
11	12	9	2017	0	0	0	0
12	13	9	2017	8	8	8	0
13	14	9	2017	7	0	0	0
14	15	9	2017	0	0	0	0
15	16	9	2017	0	0	0	0
16	17	9	2017	0	0	0	0
17	18	9	2017	0	0	0	0
18	19	9	2017	0	0	0	0
19	20	9	2017	1	2	7	1
20	21	9	2017	0	0	0	0
21	22	9	2017	0	0	0	0
22	23	9	2017	0	0	0	0
23	24	9	2017	0	0	1	4
24	25	9	2017	2	1	0	0
25	26	9	2017	0	0	0	0
26	27	9	2017	0	0	0	0
27	28	9	2017	4	6	8	7
28	29	9	2017	7	7	8	8
29	30	9	2017	7	7	8	7
30	1	9	2017	5	5	5	5
1	2	10	2017	0	0	0	0
2	3	10	2017	2	2	2	1
3	4	10	2017	3	4	6	6
4	5	10	2017	8	8	8	8
5	6	10	2017	0	0	0	0
6	7	10	2017	0	5	2	0
7	8	10	2017	2	0	0	1
8	9	10	2017	0	0	0	1
9	10	10	2017	0	0	0	0
10	11	10	2017	0	0	0	0
11	12	10	2017	2	0	0	0
12	13	10	2017	1	0	0	0
13	14	10	2017	0	0	0	0
14	15	10	2017	0	0	0	0
15	16	10	2017	3	2	6	7
16	17	10	2017	0	0	0	0
17	18	10	2017	8	7	3	1
18	19	10	2017	0	0	0	0
19	20	10	2017	1	0	0	0
20	21	10	2017	0	0	1	0
21	22	10	2017	0	1	0	0
22	23	10	2017	8	8	8	8
23	24	10	2017	4	7	6	4
24	25	10	2017	3	0	0	0
25	26	10	2017	1	1	1	1
26	27	10	2017	1	1	1	1
27	28	10	2017	3	3	4	2
28	29	10	2017	2	1	0	0
29	30	10	2017	0	0	0	0
30	31	10	2017	1	1	1	0
31	1	10	2017	1	1	1	1
1	2	11	2017	8	8	8	8
2	3	11	2017	8	8	8	8
3	4	11	2017	4	4	8	8
4	5	11	2017	2	0	1	1
5	6	11	2017	2	1	1	1
6	7	11	2017	0	0	0	0
7	8	11	2017	1	4	8	8
8	9	11	2017	0	0	0	3
9	10	11	2017	0	0	0	0
10	11	11	2017	0	0	0	0
11	12	11	2017	9	9	9	9
12	13	11	2017	9	9	9	9
13	14	11	2017	0	0	0	0
14	15	11	2017	1	1	1	1
15	16	11	2017	0	0	0	0
16	17	11	2017	0	0	0	0
17	18	11	2017	0	0	0	0
18	19	11	2017	0	0	0	0
19	20	11	2017	0	0	0	0
20	21	11	2017	0	0	0	0
21	22	11	2017	0	0	0	0
22	23	11	2017	0	0	0	0
23	24	11	2017	0	0	0	0
24	25	11	2017	0	0	0	0
25	26	11	2017	0	0	0	0
26	27	11	2017	0	0	0	0
27	28	11	2017	0	0	0	0
28	29	11	2017	0	0	0	0
29	30	11	2017	0	0	0	0
30	1	11	2017	0	0	0	0
1	2	12	2017	8	6	8	7
2	3	12	2017	2	0	0	0
3	4	12	2017	1	0	0	0
4	5	12	2017	0	0	0	0
5	6	12	2017	0	0	0	0
6	7	12	2017	0	0	0	0
7	8	12	2017	0	0	0	0
8	9	12	2017	0	0	0	0
9	10	12	2017	0	0	0	0
10	11	12	2017	9	9	9	9
11	12	12	2017	9	9	9	9
12	13	12	2017	8	8	8	8
13	14	12	2017	9	9	9	9
14	15	12	2017	0	0	0	0
15	16	12	2017	9	9	9	9
16	17	12	2017	9	9	9	9
17	18	12	2017	9	9	9	9
18	19	12	2017	9	9	9	9
19	20	12	2017	0	0	0	0
20	21	12	2017	0	0	0	0
21	22	12	2017	0	0	0	0
22	23	12	2017	0	0	0	0
23	24	12	2017	0	0	0	0
24	25	12	2017	0	0	0	0
25	26	12	2017	0	0	0	0
26	27	12	2017	0	0	0	0
27	28	12	2017	0	0	0	0
28	29	12	2017	0	0	0	0
29	30	12	2017	0	1	0	0
30	31	12	2017	9	9	9	9
31	1	12	2017	9	9	9	9
1	2	1	2018	9	9	9	9
2	3	1	2018	0	0	0	0
3	4	1	2018	0	0	0	0
4	5	1	2018	0	0	0	0
5	6	1	2018	0	0	0	0
6	7	1	2018	0	0	0	0
7	8	1	2018	4	0	1	0
8	9	1	2018	0	0	0	0
9	10	1	2018	0	0	0	0
10	11	1	2018	0	0	0	0
11	12	1	2018	5	5	5	5
12	13	1	2018	8	8	8	8
13	14	1	2018	9	9	9	9
14	15	1	2018	0	0	0	0
15	16	1	2018	0	0	0	0
16	17	1	2018	0	0	0	0
17	18	1	2018	0	0	0	0
18	19	1	2018	0	0	0	0
19	20	1	2018	9	9	9	9
20	21	1	2018	0	0	0	0
21	22	1	2018	0	0	0	0
22	23	1	2018	0	0	0	0
23	24	1	2018	0	0	0	0
24	25	1	2018	0	0	0	0
25	26	1	2018	0	0	0	0
26	27	1	2018	1	0	0	0
27	28	1	2018	0	0	0	0
28	29	1	2018	0	0	0	0
29	30	1	2018	0	0	0	0
30	31	1	2018	2	2	1	0
31	1	1	2018	0	0	0	0
1	2	2	2018	0	0	0	0
2	3	2	2018	1	2	1	7
3	4	2	2018	2	0	0	0
4	5	2	2018	2	0	0	0
5	6	2	2018	1	8	8	8
6	7	2	2018	0	0	0	0
7	8	2	2018	9	9	9	9
8	9	2	2018	0	0	0	0
9	10	2	2018	0	0	0	0
10	11	2	2018	0	0	0	0
11	12	2	2018	0	0	0	0
12	13	2	2018	0	0	0	0
13	14	2	2018	2	0	0	0
14	15	2	2018	0	0	0	0
15	16	2	2018	0	0	0	0
16	17	2	2018	0	4	5	3
17	18	2	2018	1	1	1	1
18	19	2	2018	0	0	0	0
19	20	2	2018	1	3	3	3
20	21	2	2018	0	0	0	0
21	22	2	2018	0	0	0	0
22	23	2	2018	0	0	0	0
23	24	2	2018	0	0	0	0
24	25	2	2018	0	0	0	0
25	26	2	2018	0	0	0	0
26	27	2	2018	0	0	0	0
27	28	2	2018	6	7	7	6
28	1	2	2018	1	1	1	2
1	2	3	2018	0	0	0	0
2	3	3	2018	0	0	0	0
3	4	3	2018	0	0	0	0
4	5	3	2018	0	0	0	0
5	6	3	2018	0	0	0	0
6	7	3	2018	1	0	4	0
7	8	3	2018	0	0	0	0
8	9	3	2018	0	0	0	0
9	10	3	2018	0	0	0	0
10	11	3	2018	0	0	0	0
11	12	3	2018	9	9	9	9
12	13	3	2018	9	9	9	9
13	14	3	2018	9	9	9	9
14	15	3	2018	9	9	9	9
15	16	3	2018	9	9	9	9
16	17	3	2018	9	9	9	9
17	18	3	2018	9	9	9	9
18	19	3	2018	9	9	9	9
19	20	3	2018	9	9	9	9
20	21	3	2018	9	9	9	9
21	22	3	2018	9	9	9	9
22	23	3	2018	0	0	0	0
23	24	3	2018	0	0	0	0
24	25	3	2018	0	0	0	0
25	26	3	2018	0	0	0	1
26	27	3	2018	1	0	0	0
27	28	3	2018	0	0	0	0
28	29	3	2018	0	0	0	0
29	30	3	2018	0	0	0	0
30	31	3	2018	0	0	0	0
31	1	3	2018	0	0	0	0
1	2	4	2018	1	1	3	1
2	3	4	2018	1	1	1	1
3	4	4	2018	0	0	0	0
4	5	4	2018	0	0	0	0
5	6	4	2018	0	0	0	0
6	7	4	2018	1	3	2	0
7	8	4	2018	0	0	0	0
8	9	4	2018	1	0	0	1
9	10	4	2018	1	1	4	8
10	11	4	2018	8	8	8	8
11	12	4	2018	1	0	0	0
12	13	4	2018	0	0	0	0
13	14	4	2018	0	0	0	0
14	15	4	2018	0	0	0	0
15	16	4	2018	0	0	0	0
16	17	4	2018	2	1	0	0
17	18	4	2018	2	2	2	1
18	19	4	2018	0	0	0	0
19	20	4	2018	0	0	0	0
20	21	4	2018	0	0	0	0
21	22	4	2018	0	0	0	0
22	23	4	2018	1	4	3	2
23	24	4	2018	2	5	6	7
24	25	4	2018	0	0	0	1
25	26	4	2018	8	8	8	6
26	27	4	2018	5	5	1	3
27	28	4	2018	9	9	9	9
28	29	4	2018	8	8	8	4
29	30	4	2018	0	0	0	5
30	1	4	2018	8	8	8	8
1	2	5	2018	8	8	0	0
2	3	5	2018	0	0	0	0
3	4	5	2018	0	0	0	0
4	5	5	2018	0	0	0	0
5	6	5	2018	0	0	0	0
6	7	5	2018	4	3	1	1
7	8	5	2018	3	2	1	1
8	9	5	2018	0	0	3	4
9	10	5	2018	8	6	8	3
10	11	5	2018	0	0	0	0
11	12	5	2018	0	0	0	0
12	13	5	2018	8	8	8	8
13	14	5	2018	8	8	8	0
14	15	5	2018	4	8	8	8
15	16	5	2018	1	0	0	0
16	17	5	2018	0	0	0	8
17	18	5	2018	4	3	0	0
18	19	5	2018	0	0	0	0
19	20	5	2018	1	0	1	1
20	21	5	2018	2	1	1	1
21	22	5	2018	1	1	3	3
22	23	5	2018	0	0	0	0
23	24	5	2018	0	0	0	0
24	25	5	2018	0	0	0	0
25	26	5	2018	0	0	0	0
26	27	5	2018	0	0	0	0
27	28	5	2018	9	9	9	9
28	29	5	2018	8	8	8	8
29	30	5	2018	8	8	8	8
30	31	5	2018	8	8	8	8
31	1	5	2018	4	6	3	2
1	2	6	2018	0	0	0	0
2	3	6	2018	1	1	1	7
3	4	6	2018	0	0	0	1
4	5	6	2018	0	0	0	0
5	6	6	2018	0	0	0	0
6	7	6	2018	0	0	7	4
7	8	6	2018	1	1	1	2
8	9	6	2018	8	8	8	8
9	10	6	2018	8	8	8	8
10	11	6	2018	8	8	8	8
11	12	6	2018	8	0	0	0
12	13	6	2018	2	1	1	0
13	14	6	2018	0	0	0	0
14	15	6	2018	1	1	1	1
15	16	6	2018	7	6	2	1
16	17	6	2018	0	0	0	0
17	18	6	2018	0	0	0	0
18	19	6	2018	0	0	0	0
19	20	6	2018	0	0	0	0
20	21	6	2018	1	2	1	1
21	22	6	2018	9	9	9	9
22	23	6	2018	9	9	9	9
23	24	6	2018	9	9	9	9
24	25	6	2018	9	9	9	9
25	26	6	2018	9	9	9	9
26	27	6	2018	9	9	9	9
27	28	6	2018	9	9	9	9
28	29	6	2018	0	0	0	0
29	30	6	2018	4	4	6	6
30	1	6	2018	2	2	2	2
1	2	7	2018	3	4	8	2
2	3	7	2018	8	8	8	8
3	4	7	2018	1	2	8	7
4	5	7	2018	0	0	0	0
5	6	7	2018	9	9	9	9
6	7	7	2018	9	9	9	9
7	8	7	2018	9	9	9	9
8	9	7	2018	9	9	9	9
9	10	7	2018	9	9	9	9
10	11	7	2018	9	9	9	9
11	12	7	2018	0	0	0	0
12	13	7	2018	1	0	1	1
13	14	7	2018	0	0	0	0
14	15	7	2018	0	0	0	0
15	16	7	2018	2	8	8	6
16	17	7	2018	8	8	7	8
17	18	7	2018	8	8	8	8
18	19	7	2018	8	6	0	0
19	20	7	2018	7	0	3	0
20	21	7	2018	0	0	0	0
21	22	7	2018	5	7	7	8
22	23	7	2018	6	7	6	6
23	24	7	2018	0	0	0	0
24	25	7	2018	9	9	9	9
25	26	7	2018	9	9	9	9
26	27	7	2018	5	6	8	8
27	28	7	2018	0	0	0	0
28	29	7	2018	0	0	0	0
29	30	7	2018	1	0	0	0
30	31	7	2018	3	6	8	8
31	1	7	2018	1	0	0	0
1	2	8	2018	0	0	0	1
2	3	8	2018	5	8	8	8
3	4	8	2018	0	0	0	0
4	5	8	2018	4	1	2	2
5	6	8	2018	0	1	2	2
6	7	8	2018	8	8	8	8
7	8	8	2018	1	0	0	0
8	9	8	2018	0	0	0	1
9	10	8	2018	1	0	3	2
10	11	8	2018	0	0	0	0
11	12	8	2018	0	0	0	0
12	13	8	2018	4	4	8	4
13	14	8	2018	0	0	0	0
14	15	8	2018	0	1	0	1
15	16	8	2018	0	0	0	0
16	17	8	2018	0	0	0	0
17	18	8	2018	6	7	8	8
18	19	8	2018	4	1	4	0
19	20	8	2018	0	0	0	0
20	21	8	2018	9	9	9	9
21	22	8	2018	9	9	9	9
22	23	8	2018	9	9	9	9
23	24	8	2018	0	0	0	0
24	25	8	2018	1	1	1	0
25	26	8	2018	0	0	0	0
26	27	8	2018	0	0	0	0
27	28	8	2018	0	0	0	0
28	29	8	2018	0	0	0	0
29	30	8	2018	0	0	1	1
30	31	8	2018	8	1	8	8
31	1	8	2018	8	2	1	0
1	2	9	2018	0	0	0	0
2	3	9	2018	0	0	0	0
3	4	9	2018	0	0	0	0
4	5	9	2018	0	0	0	0
5	6	9	2018	0	0	0	0
6	7	9	2018	0	0	0	0
7	8	9	2018	0	0	0	0
8	9	9	2018	0	0	0	0
9	10	9	2018	0	0	0	0
10	11	9	2018	0	0	0	0
11	12	9	2018	1	3	8	8
12	13	9	2018	8	8	7	8
13	14	9	2018	0	0	0	0
14	15	9	2018	0	0	0	0
15	16	9	2018	0	0	0	0
16	17	9	2018	0	0	0	0
17	18	9	2018	3	0	6	4
18	19	9	2018	5	3	3	1
19	20	9	2018	7	8	8	5
20	21	9	2018	1	1	1	1
21	22	9	2018	0	0	0	0
22	23	9	2018	0	0	0	0
23	24	9	2018	0	0	0	0
24	25	9	2018	2	3	7	0
25	26	9	2018	4	8	8	8
26	27	9	2018	8	8	8	8
27	28	9	2018	8	8	8	8
28	29	9	2018	1	3	3	6
29	30	9	2018	7	8	7	8
30	1	9	2018	8	0	3	0
1	2	10	2018	0	0	0	0
2	3	10	2018	0	0	0	2
3	4	10	2018	5	5	5	7
4	5	10	2018	4	1	1	1
5	6	10	2018	0	0	1	1
6	7	10	2018	0	0	0	0
7	8	10	2018	8	8	8	8
8	9	10	2018	8	8	8	8
9	10	10	2018	7	6	6	6
10	11	10	2018	8	8	8	8
11	12	10	2018	8	6	2	0
12	13	10	2018	0	0	0	0
13	14	10	2018	7	7	0	2
14	15	10	2018	0	0	0	0
15	16	10	2018	0	0	0	0
16	17	10	2018	0	0	0	0
17	18	10	2018	0	0	0	0
18	19	10	2018	0	0	0	0
19	20	10	2018	0	0	0	0
20	21	10	2018	0	0	0	0
21	22	10	2018	0	0	0	0
22	23	10	2018	0	0	0	0
23	24	10	2018	1	1	1	1
24	25	10	2018	2	4	8	5
25	26	10	2018	0	0	0	0
26	27	10	2018	5	6	8	8
27	28	10	2018	0	0	1	2
28	29	10	2018	8	7	7	7
29	30	10	2018	8	8	8	8
30	31	10	2018	8	4	6	7
31	1	10	2018	0	0	0	0
1	2	11	2018	1	1	2	4
2	3	11	2018	0	0	0	0
3	4	11	2018	0	0	0	0
4	5	11	2018	0	0	0	0
5	6	11	2018	0	0	0	0
6	7	11	2018	0	0	0	0
7	8	11	2018	0	0	0	0
8	9	11	2018	0	0	0	0
9	10	11	2018	2	0	1	1
10	11	11	2018	1	3	7	7
11	12	11	2018	1	2	7	8
12	13	11	2018	0	0	0	0
13	14	11	2018	2	0	0	0
14	15	11	2018	1	0	0	0
15	16	11	2018	0	0	0	0
16	17	11	2018	0	0	0	0
17	18	11	2018	0	0	0	0
18	19	11	2018	0	0	0	0
19	20	11	2018	0	0	0	0
20	21	11	2018	0	0	0	0
21	22	11	2018	0	0	0	0
22	23	11	2018	0	0	0	0
23	24	11	2018	0	0	0	0
24	25	11	2018	9	9	9	9
25	26	11	2018	0	0	0	0
26	27	11	2018	0	0	0	0
27	28	11	2018	0	0	0	0
28	29	11	2018	9	9	9	9
29	30	11	2018	0	0	0	0
30	1	11	2018	0	0	0	0
1	2	12	2018	9	9	9	9
2	3	12	2018	9	9	9	9
3	4	12	2018	9	9	9	9
4	5	12	2018	9	9	9	9
5	6	12	2018	9	9	9	9
6	7	12	2018	9	9	9	9
7	8	12	2018	9	9	9	9
8	9	12	2018	9	9	9	9
9	10	12	2018	9	9	9	9
10	11	12	2018	9	9	9	9
11	12	12	2018	9	9	9	9
12	13	12	2018	9	9	9	9
13	14	12	2018	9	9	9	9
14	15	12	2018	9	9	9	9
15	16	12	2018	9	9	9	9
16	17	12	2018	0	0	0	0
17	18	12	2018	8	8	8	8
18	19	12	2018	1	0	0	0
19	20	12	2018	0	0	0	0
20	21	12	2018	0	0	0	0
21	22	12	2018	0	0	0	0
22	23	12	2018	0	0	0	0
23	24	12	2018	0	0	0	0
24	25	12	2018	9	9	9	9
25	26	12	2018	9	9	9	9
26	27	12	2018	0	0	0	0
27	28	12	2018	0	0	0	0
28	29	12	2018	1	1	1	0
29	30	12	2018	0	0	0	0
30	31	12	2018	0	0	0	0
31	1	12	2018	0	0	0	0
1	2	1	2019	5	2	6	6
2	3	1	2019	3	2	1	0
3	4	1	2019	0	0	0	0
4	5	1	2019	0	0	0	0
5	6	1	2019	1	0	0	0
6	7	1	2019	0	0	0	0
7	8	1	2019	0	0	0	0
8	9	1	2019	0	0	0	0
9	10	1	2019	0	1	1	1
10	11	1	2019	0	0	0	0
11	12	1	2019	0	0	0	0
12	13	1	2019	0	0	0	0
13	14	1	2019	0	1	4	7
14	15	1	2019	0	0	0	0
15	16	1	2019	0	0	0	0
16	17	1	2019	0	0	0	0
17	18	1	2019	0	0	0	0
18	19	1	2019	0	0	0	0
19	20	1	2019	0	0	0	0
20	21	1	2019	4	7	2	1
21	22	1	2019	9	9	9	9
22	23	1	2019	0	0	0	0
23	24	1	2019	0	0	0	3
24	25	1	2019	3	2	2	2
25	26	1	2019	2	1	1	1
26	27	1	2019	1	0	0	0
27	28	1	2019	0	0	0	0
28	29	1	2019	0	0	0	0
29	30	1	2019	0	0	0	0
30	31	1	2019	0	0	0	0
31	1	1	2019	0	0	0	0
1	2	2	2019	0	0	0	0
2	3	2	2019	0	0	0	0
3	4	2	2019	0	0	0	0
4	5	2	2019	9	9	9	9
5	6	2	2019	0	0	0	0
6	7	2	2019	1	6	0	0
7	8	2	2019	0	3	1	1
8	9	2	2019	0	1	2	1
9	10	2	2019	0	0	1	1
10	11	2	2019	0	0	0	0
11	12	2	2019	2	1	0	0
12	13	2	2019	1	0	0	0
13	14	2	2019	0	0	0	0
14	15	2	2019	0	0	0	0
15	16	2	2019	0	0	0	0
16	17	2	2019	0	0	0	0
17	18	2	2019	0	0	0	0
18	19	2	2019	0	0	0	0
19	20	2	2019	0	0	0	0
20	21	2	2019	0	0	0	0
21	22	2	2019	0	0	0	0
22	23	2	2019	0	0	0	0
23	24	2	2019	0	0	0	0
24	25	2	2019	0	0	0	0
25	26	2	2019	0	0	0	0
26	27	2	2019	0	0	0	0
27	28	2	2019	0	0	0	0
28	1	2	2019	0	0	0	0
1	2	3	2019	0	0	0	0
2	3	3	2019	0	4	6	5
3	4	3	2019	0	0	0	0
4	5	3	2019	1	0	0	0
5	6	3	2019	0	0	0	0
6	7	3	2019	0	0	0	0
7	8	3	2019	0	0	0	0
8	9	3	2019	0	0	0	0
9	10	3	2019	0	0	0	0
10	11	3	2019	0	0	0	0
11	12	3	2019	0	0	0	0
12	13	3	2019	0	0	0	0
13	14	3	2019	0	0	0	0
14	15	3	2019	0	0	0	0
15	16	3	2019	0	0	0	0
16	17	3	2019	0	0	0	0
17	18	3	2019	0	0	0	0
18	19	3	2019	0	0	0	0
19	20	3	2019	0	0	0	0
20	21	3	2019	2	2	2	2
21	22	3	2019	0	0	0	0
22	23	3	2019	0	0	0	0
23	24	3	2019	0	0	0	0
24	25	3	2019	0	0	1	0
25	26	3	2019	0	0	0	0
26	27	3	2019	1	2	4	5
27	28	3	2019	0	0	0	0
28	29	3	2019	7	4	1	0
29	30	3	2019	9	9	9	9
30	31	3	2019	9	9	9	9
31	1	3	2019	9	9	9	9
1	2	4	2019	0	0	0	0
2	3	4	2019	0	0	0	0
3	4	4	2019	5	0	0	0
4	5	4	2019	0	0	0	0
5	6	4	2019	0	0	0	0
6	7	4	2019	0	0	0	0
7	8	4	2019	0	0	0	0
8	9	4	2019	0	0	0	0
9	10	4	2019	0	0	0	0
10	11	4	2019	0	0	0	0
11	12	4	2019	0	0	0	0
12	13	4	2019	0	0	0	0
13	14	4	2019	1	1	1	1
14	15	4	2019	9	9	9	9
15	16	4	2019	0	0	0	0
16	17	4	2019	9	9	9	9
17	18	4	2019	0	0	0	0
18	19	4	2019	8	8	8	8
19	20	4	2019	8	2	6	6
20	21	4	2019	2	0	0	0
21	22	4	2019	2	2	2	0
22	23	4	2019	1	0	0	8
23	24	4	2019	5	8	8	8
24	25	4	2019	8	8	8	8
25	26	4	2019	2	2	0	0
26	27	4	2019	0	0	0	0
27	28	4	2019	0	0	0	0
28	29	4	2019	0	0	0	0
29	30	4	2019	4	8	8	1
30	1	4	2019	0	0	0	0
1	2	5	2019	1	1	1	1
2	3	5	2019	1	0	0	1
3	4	5	2019	1	1	1	1
4	5	5	2019	1	1	1	1
5	6	5	2019	4	4	4	8
6	7	5	2019	8	8	8	8
7	8	5	2019	4	4	5	4
8	9	5	2019	0	0	0	0
9	10	5	2019	4	1	4	7
10	11	5	2019	1	0	0	0
11	12	5	2019	0	0	0	0
12	13	5	2019	0	0	0	0
13	14	5	2019	0	0	0	0
14	15	5	2019	0	0	0	0
15	16	5	2019	0	2	6	6
16	17	5	2019	5	2	2	5
17	18	5	2019	4	4	2	0
18	19	5	2019	2	8	6	8
19	20	5	2019	8	8	8	8
20	21	5	2019	0	0	0	0
21	22	5	2019	0	0	0	0
22	23	5	2019	0	0	0	0
23	24	5	2019	0	0	6	7
24	25	5	2019	8	8	8	8
25	26	5	2019	8	8	8	8
26	27	5	2019	8	8	8	8
27	28	5	2019	8	0	0	8
28	29	5	2019	8	8	8	8
29	30	5	2019	9	9	9	9
30	31	5	2019	3	3	3	3
31	1	5	2019	6	0	0	0
1	2	6	2019	0	0	0	0
2	3	6	2019	0	0	0	0
3	4	6	2019	2	4	6	3
4	5	6	2019	6	3	3	4
5	6	6	2019	0	0	0	0
6	7	6	2019	5	2	0	0
7	8	6	2019	1	1	0	0
8	9	6	2019	1	0	0	0
9	10	6	2019	0	1	0	6
10	11	6	2019	0	0	0	0
11	12	6	2019	1	1	1	0
12	13	6	2019	0	0	0	0
13	14	6	2019	0	0	0	0
14	15	6	2019	0	8	8	8
15	16	6	2019	0	0	0	0
16	17	6	2019	0	0	0	0
17	18	6	2019	0	0	0	0
18	19	6	2019	0	0	0	0
19	20	6	2019	3	4	4	8
20	21	6	2019	9	9	9	9
21	22	6	2019	9	9	9	9
22	23	6	2019	2	1	1	1
23	24	6	2019	1	8	8	8
24	25	6	2019	9	9	9	9
25	26	6	2019	0	0	1	0
26	27	6	2019	7	8	6	8
27	28	6	2019	2	3	2	2
28	29	6	2019	8	8	8	8
29	30	6	2019	0	0	0	0
30	1	6	2019	0	0	0	0
1	2	7	2019	0	0	0	0
2	3	7	2019	0	0	0	0
3	4	7	2019	0	0	0	0
4	5	7	2019	0	0	0	0
5	6	7	2019	0	0	0	0
6	7	7	2019	8	3	6	8
7	8	7	2019	8	8	4	6
8	9	7	2019	8	7	8	8
9	10	7	2019	4	0	0	1
10	11	7	2019	9	9	9	9
11	12	7	2019	1	1	1	5
12	13	7	2019	8	8	6	8
13	14	7	2019	0	0	0	0
14	15	7	2019	0	0	0	0
15	16	7	2019	0	0	0	0
16	17	7	2019	0	0	0	1
17	18	7	2019	8	2	1	1
18	19	7	2019	9	9	9	9
19	20	7	2019	1	0	0	0
20	21	7	2019	6	7	8	8
21	22	7	2019	8	8	8	8
22	23	7	2019	4	1	1	6
23	24	7	2019	0	0	0	0
24	25	7	2019	0	0	0	0
25	26	7	2019	0	0	0	7
26	27	7	2019	7	0	0	0
27	28	7	2019	2	2	2	4
28	29	7	2019	5	3	1	0
29	30	7	2019	0	0	0	0
30	31	7	2019	0	0	0	0
31	1	7	2019	6	6	8	1
1	2	8	2019	0	0	0	0
2	3	8	2019	0	0	1	1
3	4	8	2019	1	0	0	0
4	5	8	2019	0	0	0	0
5	6	8	2019	0	0	0	0
6	7	8	2019	0	0	0	0
7	8	8	2019	0	0	0	0
8	9	8	2019	0	0	0	0
9	10	8	2019	0	0	0	0
10	11	8	2019	4	6	8	6
11	12	8	2019	0	0	0	0
12	13	8	2019	0	0	0	2
13	14	8	2019	1	2	4	4
14	15	8	2019	9	9	9	9
15	16	8	2019	1	2	2	1
16	17	8	2019	0	0	0	0
17	18	8	2019	2	8	1	0
18	19	8	2019	6	6	8	6
19	20	8	2019	2	1	1	0
20	21	8	2019	0	0	0	0
21	22	8	2019	1	1	2	0
22	23	8	2019	0	0	0	0
23	24	8	2019	2	2	3	2
24	25	8	2019	6	7	8	6
25	26	8	2019	1	0	0	3
26	27	8	2019	1	0	1	1
27	28	8	2019	0	1	2	1
28	29	8	2019	1	0	0	0
29	30	8	2019	1	0	0	0
30	31	8	2019	0	0	0	0
31	1	8	2019	0	0	0	0
1	2	9	2019	1	0	1	2
2	3	9	2019	0	1	2	4
3	4	9	2019	0	0	0	0
4	5	9	2019	2	2	3	4
5	6	9	2019	8	8	8	8
6	7	9	2019	7	7	7	5
7	8	9	2019	0	0	0	0
8	9	9	2019	8	8	8	8
9	10	9	2019	6	4	2	2
10	11	9	2019	6	8	8	8
11	12	9	2019	0	0	0	0
12	13	9	2019	3	4	3	1
13	14	9	2019	1	1	1	1
14	15	9	2019	0	0	0	0
15	16	9	2019	0	0	0	0
16	17	9	2019	0	1	5	3
17	18	9	2019	0	0	0	0
18	19	9	2019	0	0	0	0
19	20	9	2019	0	0	0	0
20	21	9	2019	0	0	0	0
21	22	9	2019	0	0	0	0
22	23	9	2019	6	8	6	2
23	24	9	2019	0	0	0	0
24	25	9	2019	0	0	0	0
25	26	9	2019	0	0	0	0
26	27	9	2019	0	0	0	0
27	28	9	2019	0	0	0	0
28	29	9	2019	0	0	0	0
29	30	9	2019	0	0	0	0
30	1	9	2019	1	1	3	3
1	2	10	2019	5	2	1	2
2	3	10	2019	8	8	8	8
3	4	10	2019	8	8	8	0
4	5	10	2019	0	0	0	0
5	6	10	2019	0	0	0	0
6	7	10	2019	2	0	0	1
7	8	10	2019	1	0	0	0
8	9	10	2019	4	6	2	1
9	10	10	2019	2	2	2	2
10	11	10	2019	4	5	3	1
11	12	10	2019	1	2	5	6
12	13	10	2019	5	5	7	8
13	14	10	2019	8	2	6	8
14	15	10	2019	6	3	2	3
15	16	10	2019	5	6	5	7
16	17	10	2019	0	0	0	0
17	18	10	2019	0	0	0	0
18	19	10	2019	0	0	0	0
19	20	10	2019	4	2	0	0
20	21	10	2019	0	0	0	0
21	22	10	2019	4	4	4	4
22	23	10	2019	8	8	8	8
23	24	10	2019	6	6	6	6
24	25	10	2019	0	0	0	0
25	26	10	2019	0	0	0	0
26	27	10	2019	0	0	4	1
27	28	10	2019	6	3	5	6
28	29	10	2019	5	1	1	2
29	30	10	2019	1	2	3	6
30	31	10	2019	2	4	7	7
31	1	10	2019	8	8	8	8
1	2	11	2019	6	6	6	6
2	3	11	2019	8	8	8	8
3	4	11	2019	1	0	0	0
4	5	11	2019	0	0	1	1
5	6	11	2019	0	0	0	0
6	7	11	2019	0	0	0	0
7	8	11	2019	0	0	0	0
8	9	11	2019	3	1	1	1
9	10	11	2019	0	0	0	0
10	11	11	2019	0	1	1	1
11	12	11	2019	0	0	0	0
12	13	11	2019	0	0	0	0
13	14	11	2019	0	0	0	0
14	15	11	2019	0	0	0	0
15	16	11	2019	0	0	0	0
16	17	11	2019	0	0	0	0
17	18	11	2019	0	0	0	0
18	19	11	2019	0	0	0	0
19	20	11	2019	0	0	0	0
20	21	11	2019	0	0	0	0
21	22	11	2019	5	5	3	2
22	23	11	2019	0	0	1	1
23	24	11	2019	0	0	0	0
24	25	11	2019	0	0	0	1
25	26	11	2019	0	0	0	0
26	27	11	2019	0	0	0	0
27	28	11	2019	0	0	0	0
28	29	11	2019	0	0	0	0
29	30	11	2019	0	0	0	0
30	1	11	2019	1	0	0	0
1	2	12	2019	0	0	0	0
2	3	12	2019	3	1	0	0
3	4	12	2019	6	6	6	6
4	5	12	2019	0	0	0	0
5	6	12	2019	0	0	0	0
6	7	12	2019	0	0	0	0
7	8	12	2019	0	0	0	0
8	9	12	2019	0	0	0	0
9	10	12	2019	0	1	1	0
10	11	12	2019	1	0	0	0
11	12	12	2019	0	0	0	0
12	13	12	2019	0	0	0	0
13	14	12	2019	0	0	0	0
14	15	12	2019	0	0	0	0
15	16	12	2019	2	2	3	3
16	17	12	2019	0	0	0	0
17	18	12	2019	0	0	0	0
18	19	12	2019	0	0	0	0
19	20	12	2019	5	4	3	1
20	21	12	2019	0	0	1	0
21	22	12	2019	0	0	0	0
22	23	12	2019	0	0	0	0
23	24	12	2019	0	0	0	0
24	25	12	2019	0	0	0	0
25	26	12	2019	0	0	0	0
26	27	12	2019	0	0	1	0
27	28	12	2019	6	6	6	4
28	29	12	2019	2	2	2	2
29	30	12	2019	0	0	0	0
30	31	12	2019	0	0	0	0
31	1	12	2019	9	9	9	9
1	2	1	2020	9	9	9	9
2	3	1	2020	0	0	0	0
3	4	1	2020	0	0	1	1
4	5	1	2020	0	0	0	0
5	6	1	2020	0	0	1	1
6	7	1	2020	1	1	1	0
7	8	1	2020	1	1	1	1
8	9	1	2020	1	1	1	1
9	10	1	2020	0	0	0	0
10	11	1	2020	0	0	0	0
11	12	1	2020	0	0	0	0
12	13	1	2020	0	0	0	0
13	14	1	2020	0	0	0	0
14	15	1	2020	0	0	2	3
15	16	1	2020	0	0	0	0
16	17	1	2020	1	3	6	5
17	18	1	2020	4	4	3	5
18	19	1	2020	2	3	2	2
19	20	1	2020	0	0	0	0
20	21	1	2020	0	0	0	0
21	22	1	2020	0	0	0	0
22	23	1	2020	0	0	0	0
23	24	1	2020	1	1	1	2
24	25	1	2020	2	0	2	7
25	26	1	2020	1	2	6	5
26	27	1	2020	1	2	2	2
27	28	1	2020	2	3	6	4
28	29	1	2020	2	3	6	7
29	30	1	2020	1	1	1	1
30	31	1	2020	1	0	0	0
31	1	1	2020	1	0	0	0
1	2	2	2020	0	0	0	0
2	3	2	2020	0	0	0	0
3	4	2	2020	0	0	0	0
4	5	2	2020	0	0	0	0
5	6	2	2020	0	0	0	0
6	7	2	2020	0	0	0	0
7	8	2	2020	0	0	0	0
8	9	2	2020	0	0	0	0
9	10	2	2020	0	0	0	0
10	11	2	2020	0	0	0	0
11	12	2	2020	2	2	2	2
12	13	2	2020	8	7	4	4
13	14	2	2020	1	1	2	0
14	15	2	2020	0	1	1	0
15	16	2	2020	5	6	5	4
16	17	2	2020	4	6	5	5
17	18	2	2020	0	0	0	0
18	19	2	2020	0	0	0	0
19	20	2	2020	0	0	0	0
20	21	2	2020	0	0	0	0
21	22	2	2020	0	0	0	0
22	23	2	2020	0	0	0	0
23	24	2	2020	0	0	0	0
24	25	2	2020	0	0	0	0
25	26	2	2020	0	0	0	0
26	27	2	2020	0	0	0	0
27	28	2	2020	0	0	0	0
28	29	2	2020	0	0	0	0
29	1	2	2020	0	0	0	0
1	2	3	2020	0	0	0	0
2	3	3	2020	0	0	0	0
3	4	3	2020	0	0	0	0
4	5	3	2020	0	0	0	0
5	6	3	2020	4	6	4	1
6	7	3	2020	0	0	0	0
7	8	3	2020	0	0	0	0
8	9	3	2020	1	3	3	1
9	10	3	2020	1	1	1	1
10	11	3	2020	0	0	0	0
11	12	3	2020	0	0	0	0
12	13	3	2020	0	0	0	0
13	14	3	2020	1	4	3	4
14	15	3	2020	1	0	0	0
15	16	3	2020	0	0	0	0
16	17	3	2020	0	0	0	0
17	18	3	2020	0	0	0	0
18	19	3	2020	9	9	9	9
19	20	3	2020	9	9	9	9
20	21	3	2020	9	9	9	9
21	22	3	2020	9	9	9	9
22	23	3	2020	9	9	9	9
23	24	3	2020	9	9	9	9
24	25	3	2020	9	9	9	9
25	26	3	2020	9	9	9	9
26	27	3	2020	9	9	9	9
27	28	3	2020	9	9	9	9
28	29	3	2020	9	9	9	9
29	30	3	2020	9	9	9	9
30	31	3	2020	9	9	9	9
31	1	3	2020	9	9	9	9
1	2	4	2020	9	9	9	9
2	3	4	2020	9	9	9	9
3	4	4	2020	9	9	9	9
4	5	4	2020	9	9	9	9
5	6	4	2020	9	9	9	9
6	7	4	2020	9	9	9	9
7	8	4	2020	9	9	9	9
8	9	4	2020	9	9	9	9
9	10	4	2020	9	9	9	9
10	11	4	2020	9	9	9	9
11	12	4	2020	9	9	9	9
12	13	4	2020	9	9	9	9
13	14	4	2020	9	9	9	9
14	15	4	2020	9	9	9	9
15	16	4	2020	9	9	9	9
16	17	4	2020	9	9	9	9
17	18	4	2020	9	9	9	9
18	19	4	2020	9	9	9	9
19	20	4	2020	9	9	9	9
20	21	4	2020	9	9	9	9
21	22	4	2020	9	9	9	9
22	23	4	2020	9	9	9	9
23	24	4	2020	9	9	9	9
24	25	4	2020	9	9	9	9
25	26	4	2020	9	9	9	9
26	27	4	2020	9	9	9	9
27	28	4	2020	9	9	9	9
28	29	4	2020	9	9	9	9
29	30	4	2020	9	9	9	9
30	1	4	2020	9	9	9	9
1	2	5	2020	9	9	9	9
2	3	5	2020	9	9	9	9
3	4	5	2020	9	9	9	9
4	5	5	2020	9	9	9	9
5	6	5	2020	9	9	9	9
6	7	5	2020	9	9	9	9
7	8	5	2020	9	9	9	9
8	9	5	2020	9	9	9	9
9	10	5	2020	9	9	9	9
10	11	5	2020	9	9	9	9
11	12	5	2020	9	9	9	9
12	13	5	2020	9	9	9	9
13	14	5	2020	9	9	9	9
14	15	5	2020	9	9	9	9
15	16	5	2020	9	9	9	9
16	17	5	2020	9	9	9	9
17	18	5	2020	9	9	9	9
18	19	5	2020	9	9	9	9
19	20	5	2020	9	9	9	9
20	21	5	2020	9	9	9	9
21	22	5	2020	9	9	9	9
22	23	5	2020	9	9	9	9
23	24	5	2020	9	9	9	9
24	25	5	2020	9	9	9	9
25	26	5	2020	9	9	9	9
26	27	5	2020	9	9	9	9
27	28	5	2020	9	9	9	9
28	29	5	2020	9	9	9	9
29	30	5	2020	9	9	9	9
30	31	5	2020	9	9	9	9
31	1	5	2020	9	9	9	9
1	2	6	2020	9	9	9	9
2	3	6	2020	9	9	9	9
3	4	6	2020	9	9	9	9
4	5	6	2020	9	9	9	9
5	6	6	2020	9	9	9	9
6	7	6	2020	9	9	9	9
7	8	6	2020	9	9	9	9
8	9	6	2020	9	9	9	9
9	10	6	2020	9	9	9	9
10	11	6	2020	9	9	9	9
11	12	6	2020	9	9	9	9
12	13	6	2020	9	9	9	9
13	14	6	2020	9	9	9	9
14	15	6	2020	9	9	9	9
15	16	6	2020	9	9	9	9
16	17	6	2020	9	9	9	9
17	18	6	2020	9	9	9	9
18	19	6	2020	9	9	9	9
19	20	6	2020	9	9	9	9
20	21	6	2020	9	9	9	9
21	22	6	2020	9	9	9	9
22	23	6	2020	9	9	9	9
23	24	6	2020	9	9	9	9
24	25	6	2020	9	9	9	9
25	26	6	2020	9	9	9	9
26	27	6	2020	9	9	9	9
27	28	6	2020	9	9	9	9
28	29	6	2020	9	9	9	9
29	30	6	2020	9	9	9	9
30	1	6	2020	9	9	9	9
1	2	7	2020	9	9	9	9
2	3	7	2020	9	9	9	9
3	4	7	2020	9	9	9	9
4	5	7	2020	9	9	9	9
5	6	7	2020	9	9	9	9
6	7	7	2020	9	9	9	9
7	8	7	2020	9	9	9	9
8	9	7	2020	9	9	9	9
9	10	7	2020	9	9	9	9
10	11	7	2020	9	9	9	9
11	12	7	2020	9	9	9	9
12	13	7	2020	9	9	9	9
13	14	7	2020	9	9	9	9
14	15	7	2020	9	9	9	9
15	16	7	2020	9	9	9	9
16	17	7	2020	9	9	9	9
17	18	7	2020	9	9	9	9
18	19	7	2020	9	9	9	9
19	20	7	2020	9	9	9	9
20	21	7	2020	9	9	9	9
21	22	7	2020	9	9	9	9
22	23	7	2020	9	9	9	9
23	24	7	2020	9	9	9	9
24	25	7	2020	9	9	9	9
25	26	7	2020	9	9	9	9
26	27	7	2020	9	9	9	9
27	28	7	2020	9	9	9	9
28	29	7	2020	9	9	9	9
29	30	7	2020	9	9	9	9
30	31	7	2020	9	9	9	9
31	1	7	2020	9	9	9	9
1	2	8	2020	9	9	9	9
2	3	8	2020	9	9	9	9
3	4	8	2020	9	9	9	9
4	5	8	2020	9	9	9	9
5	6	8	2020	9	9	9	9
6	7	8	2020	9	9	9	9
7	8	8	2020	9	9	9	9
8	9	8	2020	9	9	9	9
9	10	8	2020	9	9	9	9
10	11	8	2020	9	9	9	9
11	12	8	2020	9	9	9	9
12	13	8	2020	9	9	9	9
13	14	8	2020	9	9	9	9
14	15	8	2020	9	9	9	9
15	16	8	2020	9	9	9	9
16	17	8	2020	9	9	9	9
17	18	8	2020	9	9	9	9
18	19	8	2020	9	9	9	9
19	20	8	2020	9	9	9	9
20	21	8	2020	9	9	9	9
21	22	8	2020	9	9	9	9
22	23	8	2020	9	9	9	9
23	24	8	2020	9	9	9	9
24	25	8	2020	9	9	9	9
25	26	8	2020	9	9	9	9
26	27	8	2020	9	9	9	9
27	28	8	2020	9	9	9	9
28	29	8	2020	9	9	9	9
29	30	8	2020	9	9	9	9
30	31	8	2020	9	9	9	9
31	1	8	2020	9	9	9	9
1	2	9	2020	9	9	9	9
2	3	9	2020	9	9	9	9
3	4	9	2020	9	9	9	9
4	5	9	2020	9	9	9	9
5	6	9	2020	9	9	9	9
6	7	9	2020	9	9	9	9
7	8	9	2020	9	9	9	9
8	9	9	2020	9	9	9	9
9	10	9	2020	9	9	9	9
10	11	9	2020	9	9	9	9
11	12	9	2020	9	9	9	9
12	13	9	2020	9	9	9	9
13	14	9	2020	9	9	9	9
14	15	9	2020	9	9	9	9
15	16	9	2020	9	9	9	9
16	17	9	2020	9	9	9	9
17	18	9	2020	9	9	9	9
18	19	9	2020	9	9	9	9
19	20	9	2020	9	9	9	9
20	21	9	2020	9	9	9	9
21	22	9	2020	9	9	9	9
22	23	9	2020	9	9	9	9
23	24	9	2020	9	9	9	9
24	25	9	2020	9	9	9	9
25	26	9	2020	9	9	9	9
26	27	9	2020	9	9	9	9
27	28	9	2020	9	9	9	9
28	29	9	2020	9	9	9	9
29	30	9	2020	9	9	9	9
30	1	9	2020	9	9	9	9
1	2	10	2020	9	9	9	9
2	3	10	2020	9	9	9	9
3	4	10	2020	9	9	9	9
4	5	10	2020	9	9	9	9
5	6	10	2020	9	9	9	9
6	7	10	2020	9	9	9	9
7	8	10	2020	9	9	9	9
8	9	10	2020	2	1	3	1
9	10	10	2020	1	1	3	7
10	11	10	2020	0	0	0	0
11	12	10	2020	0	0	0	0
12	13	10	2020	0	0	3	3
13	14	10	2020	8	8	8	8
14	15	10	2020	0	0	0	0
15	16	10	2020	0	0	0	0
16	17	10	2020	0	0	0	0
17	18	10	2020	0	0	0	0
18	19	10	2020	0	0	0	0
19	20	10	2020	0	0	0	0
20	21	10	2020	0	0	0	0
21	22	10	2020	0	0	0	0
22	23	10	2020	2	2	2	2
23	24	10	2020	0	0	0	0
24	25	10	2020	0	0	0	0
25	26	10	2020	0	0	0	0
26	27	10	2020	0	0	0	0
27	28	10	2020	5	8	6	2
28	29	10	2020	0	0	0	0
29	30	10	2020	0	0	0	0
30	31	10	2020	0	0	0	0
31	1	10	2020	0	0	0	0
1	2	11	2020	0	0	0	0
2	3	11	2020	0	0	0	0
3	4	11	2020	0	0	1	3
4	5	11	2020	3	3	1	0
5	6	11	2020	0	0	0	0
6	7	11	2020	0	0	0	0
7	8	11	2020	8	8	8	8
8	9	11	2020	0	0	0	0
9	10	11	2020	0	0	0	0
10	11	11	2020	0	0	0	0
11	12	11	2020	0	0	0	0
12	13	11	2020	0	0	0	4
13	14	11	2020	0	0	0	0
14	15	11	2020	0	0	0	0
15	16	11	2020	0	0	0	0
16	17	11	2020	0	0	0	0
17	18	11	2020	4	0	0	0
18	19	11	2020	0	0	0	0
19	20	11	2020	0	0	0	0
20	21	11	2020	0	0	0	0
21	22	11	2020	0	0	0	0
22	23	11	2020	0	0	0	0
23	24	11	2020	0	0	0	0
24	25	11	2020	0	0	0	0
25	26	11	2020	0	0	0	0
26	27	11	2020	0	0	0	0
27	28	11	2020	0	0	0	0
28	29	11	2020	0	0	0	0
29	30	11	2020	0	0	0	0
30	1	11	2020	0	0	0	0
1	2	12	2020	0	0	0	0
2	3	12	2020	0	0	0	0
3	4	12	2020	0	0	0	0
4	5	12	2020	0	0	0	0
5	6	12	2020	0	0	0	0
6	7	12	2020	0	0	0	0
7	8	12	2020	0	0	0	0
8	9	12	2020	0	0	0	0
9	10	12	2020	0	0	0	0
10	11	12	2020	0	0	0	0
11	12	12	2020	0	0	0	0
12	13	12	2020	0	0	0	0
13	14	12	2020	0	0	0	0
14	15	12	2020	0	0	0	0
15	16	12	2020	0	0	0	0
16	17	12	2020	0	0	0	0
17	18	12	2020	0	0	0	0
18	19	12	2020	0	0	0	0
19	20	12	2020	0	0	0	0
20	21	12	2020	0	0	0	0
21	22	12	2020	0	0	0	0
22	23	12	2020	0	0	0	0
23	24	12	2020	0	0	0	0
24	25	12	2020	0	0	0	0
25	26	12	2020	0	0	0	0
26	27	12	2020	0	0	0	0
27	28	12	2020	0	0	0	0
28	29	12	2020	0	0	0	0
29	30	12	2020	0	0	0	0
30	31	12	2020	9	9	9	9
31	1	12	2020	9	9	9	9
1	2	1	2021	0	0	0	0
2	3	1	2021	0	0	0	0
3	4	1	2021	0	0	0	0
4	5	1	2021	0	0	0	0
5	6	1	2021	0	0	0	0
6	7	1	2021	0	0	0	0
7	8	1	2021	0	0	0	0
8	9	1	2021	0	0	0	0
9	10	1	2021	0	0	0	0
10	11	1	2021	0	0	0	0
11	12	1	2021	0	0	0	0
12	13	1	2021	0	0	0	0
13	14	1	2021	0	0	0	0
14	15	1	2021	0	0	0	0
15	16	1	2021	0	0	0	0
16	17	1	2021	0	0	0	0
17	18	1	2021	0	0	0	0
18	19	1	2021	0	0	0	0
19	20	1	2021	0	0	0	0
20	21	1	2021	2	0	0	0
21	22	1	2021	5	2	0	0
22	23	1	2021	5	1	0	0
23	24	1	2021	3	1	2	1
24	25	1	2021	3	1	2	1
25	26	1	2021	2	0	1	0
26	27	1	2021	0	0	0	0
27	28	1	2021	0	0	0	0
28	29	1	2021	0	0	0	0
29	30	1	2021	3	5	6	4
30	31	1	2021	0	0	0	0
31	1	1	2021	0	0	0	0
1	2	2	2021	0	0	1	1
2	3	2	2021	0	0	0	0
3	4	2	2021	0	0	0	0
4	5	2	2021	0	0	0	0
5	6	2	2021	0	0	0	0
6	7	2	2021	0	0	0	0
7	8	2	2021	0	0	0	0
8	9	2	2021	0	0	0	0
9	10	2	2021	0	0	0	0
10	11	2	2021	0	0	0	0
11	12	2	2021	0	0	0	1
12	13	2	2021	0	0	0	0
13	14	2	2021	0	0	0	0
14	15	2	2021	0	0	0	0
15	16	2	2021	0	0	0	0
16	17	2	2021	0	0	0	0
17	18	2	2021	0	0	0	0
18	19	2	2021	0	0	0	0
19	20	2	2021	0	0	0	0
20	21	2	2021	0	0	0	0
21	22	2	2021	0	0	0	0
22	23	2	2021	0	0	0	0
23	24	2	2021	0	0	0	0
24	25	2	2021	0	1	3	5
25	26	2	2021	4	2	2	1
26	27	2	2021	0	0	0	0
27	28	2	2021	0	0	0	0
28	1	2	2021	0	0	0	0
1	2	3	2021	0	1	1	0
2	3	3	2021	0	0	0	0
3	4	3	2021	0	0	0	0
4	5	3	2021	0	0	0	0
5	6	3	2021	0	0	0	0
6	7	3	2021	0	0	0	0
7	8	3	2021	0	0	0	0
8	9	3	2021	0	0	0	0
9	10	3	2021	0	0	0	1
10	11	3	2021	2	3	3	4
11	12	3	2021	0	0	0	0
12	13	3	2021	0	0	0	0
13	14	3	2021	0	0	0	0
14	15	3	2021	0	0	4	7
15	16	3	2021	4	1	0	0
16	17	3	2021	0	0	0	0
17	18	3	2021	0	0	0	0
18	19	3	2021	2	6	8	8
19	20	3	2021	8	2	2	2
20	21	3	2021	0	0	0	0
21	22	3	2021	0	0	0	0
22	23	3	2021	0	0	0	0
23	24	3	2021	0	0	0	0
24	25	3	2021	0	0	0	0
25	26	3	2021	0	0	0	0
26	27	3	2021	0	0	0	0
27	28	3	2021	0	0	0	0
28	29	3	2021	0	0	0	0
29	30	3	2021	0	0	0	0
30	31	3	2021	0	0	0	0
31	1	3	2021	0	0	0	0
1	2	4	2021	0	0	0	2
2	3	4	2021	6	6	6	6
3	4	4	2021	4	4	7	6
4	5	4	2021	2	0	0	0
5	6	4	2021	0	0	0	0
6	7	4	2021	0	0	0	0
7	8	4	2021	1	0	0	0
8	9	4	2021	0	0	0	0
9	10	4	2021	0	0	0	0
10	11	4	2021	0	0	0	0
11	12	4	2021	0	0	0	0
12	13	4	2021	0	0	0	0
13	14	4	2021	0	0	0	0
14	15	4	2021	0	0	0	0
15	16	4	2021	0	0	0	0
16	17	4	2021	4	2	0	0
17	18	4	2021	0	0	0	0
18	19	4	2021	0	0	0	0
19	20	4	2021	2	3	1	1
20	21	4	2021	6	8	8	4
21	22	4	2021	3	5	4	1
22	23	4	2021	3	1	0	1
23	24	4	2021	1	0	0	0
24	25	4	2021	0	0	0	0
25	26	4	2021	0	0	0	0
26	27	4	2021	0	0	0	0
27	28	4	2021	0	0	0	0
28	29	4	2021	0	0	0	0
29	30	4	2021	0	0	2	3
30	1	4	2021	2	2	2	2
1	2	5	2021	2	2	2	1
2	3	5	2021	2	2	2	2
3	4	5	2021	0	0	0	4
4	5	5	2021	6	2	0	0
5	6	5	2021	0	0	0	0
6	7	5	2021	8	6	5	5
7	8	5	2021	0	1	5	4
8	9	5	2021	0	1	6	8
9	10	5	2021	4	5	6	5
10	11	5	2021	1	0	0	0
11	12	5	2021	0	0	0	0
12	13	5	2021	6	8	8	8
13	14	5	2021	2	2	2	2
14	15	5	2021	1	1	3	5
15	16	5	2021	3	2	2	2
16	17	5	2021	1	1	1	1
17	18	5	2021	1	1	0	0
18	19	5	2021	0	0	0	0
19	20	5	2021	8	8	6	7
20	21	5	2021	8	8	8	8
21	22	5	2021	1	0	0	0
22	23	5	2021	0	0	0	0
23	24	5	2021	1	0	0	0
24	25	5	2021	0	0	0	0
25	26	5	2021	0	0	0	0
26	27	5	2021	0	0	1	1
27	28	5	2021	8	8	8	8
28	29	5	2021	0	0	0	0
29	30	5	2021	5	5	5	5
30	31	5	2021	1	0	0	0
31	1	5	2021	0	0	0	1
1	2	6	2021	0	0	0	0
2	3	6	2021	0	0	0	0
3	4	6	2021	1	0	0	0
4	5	6	2021	3	6	1	0
5	6	6	2021	2	1	0	0
6	7	6	2021	0	0	1	4
7	8	6	2021	0	0	0	0
8	9	6	2021	0	0	1	1
9	10	6	2021	0	0	1	3
10	11	6	2021	0	0	0	0
11	12	6	2021	0	0	0	0
12	13	6	2021	0	0	0	0
13	14	6	2021	0	0	0	0
14	15	6	2021	6	5	5	6
15	16	6	2021	8	8	5	1
16	17	6	2021	5	6	7	8
17	18	6	2021	1	1	1	3
18	19	6	2021	0	0	0	0
19	20	6	2021	0	0	0	0
20	21	6	2021	0	0	0	0
21	22	6	2021	0	0	0	0
22	23	6	2021	0	1	2	8
23	24	6	2021	0	0	0	0
24	25	6	2021	2	4	8	8
25	26	6	2021	8	8	8	8
26	27	6	2021	2	0	0	0
27	28	6	2021	0	0	0	0
28	29	6	2021	0	0	0	0
29	30	6	2021	1	1	3	1
30	1	6	2021	1	0	0	0
1	2	7	2021	1	1	1	1
2	3	7	2021	5	7	8	2
3	4	7	2021	3	2	1	1
4	5	7	2021	1	1	2	1
5	6	7	2021	0	0	0	1
6	7	7	2021	0	1	1	0
7	8	7	2021	0	0	0	0
8	9	7	2021	0	0	0	0
9	10	7	2021	0	0	0	0
10	11	7	2021	4	4	4	2
11	12	7	2021	2	1	0	2
12	13	7	2021	1	1	1	1
13	14	7	2021	0	0	0	0
14	15	7	2021	0	0	0	0
15	16	7	2021	0	0	0	0
16	17	7	2021	0	0	0	0
17	18	7	2021	0	0	6	5
18	19	7	2021	1	0	0	0
19	20	7	2021	0	0	0	0
20	21	7	2021	0	0	0	1
21	22	7	2021	2	1	1	2
22	23	7	2021	2	2	2	2
23	24	7	2021	1	0	0	6
24	25	7	2021	0	0	0	0
25	26	7	2021	0	0	0	0
26	27	7	2021	0	0	0	0
27	28	7	2021	0	0	0	0
28	29	7	2021	0	0	0	0
29	30	7	2021	0	0	0	0
30	31	7	2021	0	0	0	0
31	1	7	2021	0	0	0	0
1	2	8	2021	0	0	0	0
2	3	8	2021	0	0	0	0
3	4	8	2021	0	0	0	1
4	5	8	2021	0	0	0	0
5	6	8	2021	5	0	1	3
6	7	8	2021	1	1	1	1
7	8	8	2021	2	8	8	8
8	9	8	2021	1	0	0	0
9	10	8	2021	0	0	0	0
10	11	8	2021	0	0	0	0
11	12	8	2021	1	4	4	1
12	13	8	2021	0	0	0	0
13	14	8	2021	1	1	1	1
14	15	8	2021	6	8	8	8
15	16	8	2021	5	8	4	6
16	17	8	2021	1	1	1	1
17	18	8	2021	1	0	0	0
18	19	8	2021	8	8	8	8
19	20	8	2021	8	8	8	8
20	21	8	2021	3	1	1	1
21	22	8	2021	1	1	1	1
22	23	8	2021	3	3	6	8
23	24	8	2021	6	8	8	8
24	25	8	2021	8	8	8	8
25	26	8	2021	0	0	0	1
26	27	8	2021	0	1	1	1
27	28	8	2021	4	2	1	4
28	29	8	2021	0	0	0	0
29	30	8	2021	0	0	0	0
30	31	8	2021	0	0	0	0
31	1	8	2021	3	6	8	8
1	2	9	2021	0	0	0	0
2	3	9	2021	0	0	0	0
3	4	9	2021	0	0	0	0
4	5	9	2021	0	0	0	0
5	6	9	2021	0	1	5	3
6	7	9	2021	0	0	0	0
7	8	9	2021	1	0	0	0
8	9	9	2021	0	0	0	1
9	10	9	2021	0	1	1	1
10	11	9	2021	6	4	4	4
11	12	9	2021	5	5	5	5
12	13	9	2021	0	0	0	0
13	14	9	2021	0	0	0	0
14	15	9	2021	0	0	0	0
15	16	9	2021	0	0	0	0
16	17	9	2021	0	0	0	0
17	18	9	2021	0	0	0	0
18	19	9	2021	0	2	6	8
19	20	9	2021	0	0	0	0
20	21	9	2021	0	0	0	0
21	22	9	2021	0	0	0	0
22	23	9	2021	0	0	0	0
23	24	9	2021	0	0	0	0
24	25	9	2021	0	0	0	0
25	26	9	2021	0	0	0	0
26	27	9	2021	0	0	0	0
27	28	9	2021	0	0	2	2
28	29	9	2021	2	1	1	1
29	30	9	2021	8	8	8	8
30	1	9	2021	0	0	0	0
1	2	10	2021	0	0	0	3
2	3	10	2021	1	0	0	0
3	4	10	2021	0	0	0	0
4	5	10	2021	0	0	0	0
5	6	10	2021	0	0	0	0
6	7	10	2021	1	1	5	1
7	8	10	2021	1	8	8	8
8	9	10	2021	0	0	0	0
9	10	10	2021	0	0	0	0
10	11	10	2021	0	0	1	3
11	12	10	2021	3	6	3	4
12	13	10	2021	3	1	0	0
13	14	10	2021	0	0	1	6
14	15	10	2021	0	0	0	0
15	16	10	2021	0	0	0	0
16	17	10	2021	0	0	0	0
17	18	10	2021	0	0	0	0
18	19	10	2021	0	0	0	0
19	20	10	2021	0	0	0	0
20	21	10	2021	0	0	0	0
21	22	10	2021	0	0	0	0
22	23	10	2021	0	0	0	0
23	24	10	2021	0	0	0	0
24	25	10	2021	0	0	0	0
25	26	10	2021	0	0	0	0
26	27	10	2021	0	0	0	0
27	28	10	2021	0	0	1	3
28	29	10	2021	2	5	6	7
29	30	10	2021	0	0	0	0
30	31	10	2021	0	0	0	0
31	1	10	2021	8	4	2	1
1	2	11	2021	8	6	6	3
2	3	11	2021	0	0	0	0
3	4	11	2021	0	0	1	0
4	5	11	2021	4	3	1	1
5	6	11	2021	0	0	1	1
6	7	11	2021	0	1	1	1
7	8	11	2021	0	0	0	0
8	9	11	2021	0	1	0	0
9	10	11	2021	0	0	0	0
10	11	11	2021	0	0	0	0
11	12	11	2021	0	0	0	0
12	13	11	2021	0	0	0	0
13	14	11	2021	0	0	0	0
14	15	11	2021	0	0	0	0
15	16	11	2021	0	0	0	0
16	17	11	2021	0	0	0	0
17	18	11	2021	0	0	0	0
18	19	11	2021	0	0	0	0
19	20	11	2021	0	0	0	0
20	21	11	2021	0	0	0	0
21	22	11	2021	0	0	0	0
22	23	11	2021	1	3	2	1
23	24	11	2021	0	0	0	0
24	25	11	2021	0	0	0	0
25	26	11	2021	0	0	0	0
26	27	11	2021	1	1	1	1
27	28	11	2021	0	0	0	0
28	29	11	2021	0	0	0	0
29	30	11	2021	0	0	0	0
30	1	11	2021	0	0	0	0
1	2	12	2021	0	0	0	1
2	3	12	2021	1	1	1	1
3	4	12	2021	0	0	0	0
4	5	12	2021	0	0	0	0
5	6	12	2021	0	1	1	0
6	7	12	2021	0	0	0	0
7	8	12	2021	1	1	1	1
8	9	12	2021	0	0	0	0
9	10	12	2021	0	0	0	0
10	11	12	2021	0	0	0	0
11	12	12	2021	0	0	0	0
12	13	12	2021	0	0	0	0
13	14	12	2021	0	0	0	0
14	15	12	2021	0	0	0	0
15	16	12	2021	0	0	0	0
16	17	12	2021	0	0	0	0
17	18	12	2021	0	0	0	0
18	19	12	2021	0	0	0	0
19	20	12	2021	3	3	2	1
20	21	12	2021	1	1	0	0
21	22	12	2021	1	1	1	0
22	23	12	2021	1	1	1	1
23	24	12	2021	1	2	4	2
24	25	12	2021	9	9	9	9
25	26	12	2021	9	9	9	9
26	27	12	2021	8	8	8	2
27	28	12	2021	0	0	0	0
28	29	12	2021	0	0	0	0
29	30	12	2021	0	0	0	0
30	31	12	2021	0	0	0	0
31	1	12	2021	0	0	0	0
1	2	1	2022	0	0	0	0
2	3	1	2022	1	1	0	0
3	4	1	2022	0	0	0	0
4	5	1	2022	0	0	0	0
5	6	1	2022	0	0	0	0
6	7	1	2022	0	0	0	0
7	8	1	2022	0	0	0	0
8	9	1	2022	9	0	2	1
9	10	1	2022	1	2	4	8
10	11	1	2022	5	7	8	3
11	12	1	2022	2	4	0	4
12	13	1	2022	0	1	1	1
13	14	1	2022	3	4	4	4
14	15	1	2022	8	8	6	5
15	16	1	2022	0	1	1	4
16	17	1	2022	0	0	0	0
17	18	1	2022	2	1	0	0
18	19	1	2022	0	0	0	0
19	20	1	2022	0	0	0	0
20	21	1	2022	0	0	0	0
21	22	1	2022	0	0	0	0
22	23	1	2022	0	0	0	0
23	24	1	2022	3	7	4	2
24	25	1	2022	0	6	7	7
25	26	1	2022	0	0	0	0
26	27	1	2022	0	0	0	0
27	28	1	2022	0	0	0	0
28	29	1	2022	0	0	0	0
29	30	1	2022	0	0	0	0
30	31	1	2022	0	0	0	0
31	1	1	2022	2	1	4	5
1	2	2	2022	4	1	2	2
2	3	2	2022	0	0	0	0
3	4	2	2022	0	0	0	0
4	5	2	2022	0	0	0	0
5	6	2	2022	0	0	0	0
6	7	2	2022	0	0	0	0
7	8	2	2022	0	0	0	0
8	9	2	2022	0	0	0	0
9	10	2	2022	0	0	0	0
10	11	2	2022	1	0	0	0
11	12	2	2022	0	0	0	0
12	13	2	2022	0	0	0	0
13	14	2	2022	0	0	0	0
14	15	2	2022	0	0	0	0
15	16	2	2022	0	0	0	0
16	17	2	2022	0	0	0	0
17	18	2	2022	0	0	0	0
18	19	2	2022	0	0	0	0
19	20	2	2022	0	0	0	0
20	21	2	2022	0	0	0	0
21	22	2	2022	0	0	0	0
22	23	2	2022	0	0	0	0
23	24	2	2022	0	0	0	0
24	25	2	2022	0	0	0	0
25	26	2	2022	0	0	0	0
26	27	2	2022	0	0	0	0
27	28	2	2022	0	0	0	0
28	1	2	2022	0	0	0	0
1	2	3	2022	0	0	0	0
2	3	3	2022	0	0	0	0
3	4	3	2022	0	0	0	0
4	5	3	2022	1	1	7	0
5	6	3	2022	0	0	0	0
6	7	3	2022	0	0	0	0
7	8	3	2022	0	0	0	0
8	9	3	2022	0	0	0	0
9	10	3	2022	0	0	0	0
10	11	3	2022	0	0	0	0
11	12	3	2022	0	0	0	0
12	13	3	2022	0	0	0	0
13	14	3	2022	0	0	0	0
14	15	3	2022	0	0	0	0
15	16	3	2022	3	1	0	0
16	17	3	2022	2	2	2	2
17	18	3	2022	1	1	0	0
18	19	3	2022	0	0	2	2
19	20	3	2022	0	0	0	0
20	21	3	2022	0	0	0	0
21	22	3	2022	0	0	0	0
22	23	3	2022	0	0	0	0
23	24	3	2022	0	0	0	0
24	25	3	2022	0	0	0	0
25	26	3	2022	0	0	0	0
26	27	3	2022	0	0	0	0
27	28	3	2022	0	0	0	0
28	29	3	2022	0	0	0	0
29	30	3	2022	0	0	0	0
30	31	3	2022	0	0	0	0
31	1	3	2022	0	0	0	0
1	2	4	2022	0	0	0	0
2	3	4	2022	0	0	0	0
3	4	4	2022	0	0	0	0
4	5	4	2022	0	0	0	0
5	6	4	2022	0	0	0	0
6	7	4	2022	0	0	0	0
7	8	4	2022	0	0	0	0
8	9	4	2022	0	0	0	0
9	10	4	2022	0	0	0	0
10	11	4	2022	0	0	0	0
11	12	4	2022	0	0	0	0
12	13	4	2022	0	1	0	1
13	14	4	2022	0	0	0	0
14	15	4	2022	0	0	0	0
15	16	4	2022	0	0	0	0
16	17	4	2022	0	0	0	0
17	18	4	2022	0	0	0	0
18	19	4	2022	2	6	8	8
19	20	4	2022	0	0	0	0
20	21	4	2022	0	0	0	0
21	22	4	2022	0	0	1	1
22	23	4	2022	0	0	0	0
23	24	4	2022	0	0	0	0
24	25	4	2022	0	0	0	1
25	26	4	2022	0	0	0	0
26	27	4	2022	8	6	0	0
27	28	4	2022	0	0	0	0
28	29	4	2022	0	0	0	0
29	30	4	2022	2	4	6	7
30	1	4	2022	0	0	0	1
1	2	5	2022	2	6	8	6
2	3	5	2022	0	0	0	0
3	4	5	2022	0	0	1	1
4	5	5	2022	1	1	1	1
5	6	5	2022	1	2	4	6
6	7	5	2022	2	1	0	0
7	8	5	2022	7	8	8	7
8	9	5	2022	2	1	2	1
9	10	5	2022	5	3	1	0
10	11	5	2022	2	5	6	6
11	12	5	2022	3	1	2	2
12	13	5	2022	0	0	0	0
13	14	5	2022	0	0	0	0
14	15	5	2022	0	0	0	0
15	16	5	2022	0	0	0	0
16	17	5	2022	0	0	0	0
17	18	5	2022	0	0	0	0
18	19	5	2022	8	7	8	0
19	20	5	2022	0	0	1	3
20	21	5	2022	6	6	5	7
21	22	5	2022	2	3	1	1
22	23	5	2022	3	2	1	1
23	24	5	2022	4	5	3	3
24	25	5	2022	2	2	2	2
25	26	5	2022	0	0	0	0
26	27	5	2022	0	0	0	0
27	28	5	2022	2	1	0	3
28	29	5	2022	8	8	8	8
29	30	5	2022	6	8	8	6
30	31	5	2022	0	0	0	0
31	1	5	2022	8	8	8	8
1	2	6	2022	8	8	8	6
2	3	6	2022	6	8	8	8
3	4	6	2022	8	8	8	8
4	5	6	2022	8	8	8	8
5	6	6	2022	0	0	0	0
6	7	6	2022	0	0	0	1
7	8	6	2022	1	0	2	4
8	9	6	2022	1	0	0	0
9	10	6	2022	3	4	3	3
10	11	6	2022	0	0	0	0
11	12	6	2022	0	0	0	0
12	13	6	2022	0	0	2	5
13	14	6	2022	7	8	8	8
14	15	6	2022	5	5	2	2
15	16	6	2022	0	0	0	0
16	17	6	2022	0	0	1	1
17	18	6	2022	2	5	5	5
18	19	6	2022	1	1	2	1
19	20	6	2022	4	4	4	3
20	21	6	2022	2	6	4	4
21	22	6	2022	6	8	8	8
22	23	6	2022	7	8	8	8
23	24	6	2022	8	8	8	8
24	25	6	2022	3	3	3	8
25	26	6	2022	8	5	5	5
26	27	6	2022	8	8	8	4
27	28	6	2022	8	1	1	1
28	29	6	2022	0	0	0	0
29	30	6	2022	0	0	0	0
30	1	6	2022	0	0	0	1
1	2	7	2022	4	2	1	1
2	3	7	2022	1	1	2	3
3	4	7	2022	0	0	0	0
4	5	7	2022	1	2	2	1
5	6	7	2022	4	5	3	1
6	7	7	2022	0	0	0	0
7	8	7	2022	8	8	8	8
8	9	7	2022	0	0	0	0
9	10	7	2022	8	8	8	8
10	11	7	2022	8	8	8	8
11	12	7	2022	4	0	0	0
12	13	7	2022	0	0	0	0
13	14	7	2022	8	8	8	8
14	15	7	2022	0	0	0	0
15	16	7	2022	9	9	9	9
16	17	7	2022	9	9	9	9
17	18	7	2022	9	9	9	9
18	19	7	2022	9	9	9	9
19	20	7	2022	9	9	9	9
20	21	7	2022	9	9	9	9
21	22	7	2022	9	9	9	9
22	23	7	2022	9	9	9	9
23	24	7	2022	9	9	9	9
24	25	7	2022	9	9	9	9
25	26	7	2022	9	9	9	9
26	27	7	2022	0	0	0	0
27	28	7	2022	1	1	1	1
28	29	7	2022	2	1	2	3
29	30	7	2022	1	5	8	8
30	31	7	2022	0	0	0	0
31	1	7	2022	1	0	0	1
1	2	8	2022	1	0	0	0
2	3	8	2022	0	2	8	8
3	4	8	2022	0	0	0	0
4	5	8	2022	0	0	0	0
5	6	8	2022	0	0	8	8
6	7	8	2022	8	8	8	8
7	8	8	2022	0	0	0	0
8	9	8	2022	0	0	0	0
9	10	8	2022	1	2	4	6
10	11	8	2022	3	3	3	3
11	12	8	2022	4	3	0	0
12	13	8	2022	0	0	0	0
13	14	8	2022	0	0	0	1
14	15	8	2022	4	0	3	8
15	16	8	2022	0	0	0	0
16	17	8	2022	1	6	7	6
17	18	8	2022	0	0	0	0
18	19	8	2022	0	0	0	0
19	20	8	2022	2	2	0	0
20	21	8	2022	1	6	7	4
21	22	8	2022	0	0	0	0
22	23	8	2022	0	0	0	0
23	24	8	2022	0	0	0	0
24	25	8	2022	2	1	1	1
25	26	8	2022	1	2	3	6
26	27	8	2022	0	0	0	0
27	28	8	2022	0	0	0	0
28	29	8	2022	0	0	0	0
29	30	8	2022	0	0	0	0
30	31	8	2022	0	0	0	0
31	1	8	2022	0	0	0	0
1	2	9	2022	0	0	0	0
2	3	9	2022	0	0	0	0
3	4	9	2022	0	0	0	0
4	5	9	2022	0	0	0	0
